0.0000000e+00,-8.4428901e+00, 1.1483410e+01, 3.1687381e+01,-6.3281209e+00,-1.2006364e+01,-1.6511846e+01,-1.1375098e+01,-8.5270204e+00,-1.6834901e+01, 4.1790697e+00, 1.5983843e+01, 6.6800609e-01,-9.9961504e+00, 3.8081085e+00, 6.0094075e+00,-1.8945928e+01, 2.8232225e+01,-1.5679485e+01, 1.7765457e+01,-5.6135609e+00,-4.5739298e+00, 6.2122719e+00, 6.9449509e+00, 2.3227891e+01, 6.3082655e+00,-2.1816244e+00, 5.8198767e+00,-1.1705435e+01,-1.5560043e+01, 2.3065206e+01, 1.0445795e+01,-8.6242823e+00,-1.3058947e+01,-2.3585405e+00, 1.0455442e+01,-2.7122816e+00,-1.6027336e+01,-1.5346032e+01, 9.7465102e-02, 1.0828403e+00,-8.6083768e+00, 3.5347708e-01,-1.1151784e+01,-1.0741678e+01,-9.7140581e+00, 5.1858454e+00,-1.4655324e-01, 8.5740689e+00,-4.1735395e+00, 7.8479251e+00, 7.4373519e-01, 7.3733146e+00, 8.5275476e+00, 8.7204351e+00, 8.4965468e+00,-2.3837998e+00,-1.2016379e+01, 3.4707076e+00,-1.6417838e+00, 4.6379891e+00, 4.4646438e+00, 1.3871773e+01, 8.8840695e+00, 1.0166639e+01, 3.8024800e+00, 7.2487507e+00,-1.1095183e+00,-1.7228867e+00, 1.8565904e+00, 5.1517761e+00, 2.6847232e+00, 7.1372062e-01,-3.0714658e+00, 2.8710136e+00, 2.0531910e+00, 4.2149379e+00, 3.6049499e+00, 1.3189888e+00, 6.1019335e+00, 1.0898533e+01,-4.8392001e-01,-5.2835282e+00, 9.9049727e+00,-2.8771326e+00, 6.7034302e+00, 6.9071947e+00,-3.0702857e+00,-4.0474103e-01,-3.6367908e+00,-1.2857444e+00,-2.2997185e+00,-2.2880795e+00,-1.9680066e+00,-4.6981553e+00,-5.3711521e-01, 2.5110506e+00, 9.1324098e-01,-1.2258402e+00,-7.6496246e-02
-8.4428901e+00, 0.0000000e+00,-2.9678077e+01, 8.2194697e+00, 3.1456382e+01, 3.6703312e+01, 3.6304109e+01, 1.7324232e+01, 3.5485643e+01, 3.1964101e+01,-3.2636039e+00, 2.5731600e+01, 2.9628165e+01, 3.4589287e+01,-2.5698782e+01, 2.6704668e+01, 1.5681423e+01, 8.1069573e+00,-2.8445273e-01, 9.0862938e+00,-8.2638579e+00,-1.6806108e-01, 1.4525636e+01,-2.0991239e+01, 1.7354026e+01,-1.9931399e+01, 2.7212250e+01,-2.3417729e+00, 2.0962615e+01, 1.1084049e+01, 1.0094781e+01,-9.6616736e+00, 1.4402919e+01, 2.2070609e+01,-1.0745771e+01,-4.7797244e+00,-2.3675421e+01, 2.2206176e+01, 1.2152813e+01, 1.4152514e+01,-1.7384234e+01,-2.6489654e-01, 1.7160532e+01, 1.0845437e+01, 1.9772156e+01, 8.9728602e+00,-8.5781913e+00, 1.7658974e+01,-1.9653789e+01, 1.8430008e+01, 4.6598068e+00,-1.5009373e+01, 1.5077624e+00, 1.0427038e+01,-2.1082728e+01,-6.6529162e-01, 2.0222178e+01, 7.6448840e-01,-2.4496991e+01, 2.1078746e+00,-2.0293031e+01,-1.0270920e+01,-1.6424764e+01,-2.1354338e+01,-1.9008480e+01,-1.9249548e+01,-9.9014964e+00,-2.4802695e+01,-1.5147063e+01,-1.2760176e+01,-1.4300646e+01, 1.1193791e+01,-1.6205857e+01,-1.2503865e+01,-1.6336135e+01,-2.3456899e+01,-1.5367246e+01,-1.2636597e+01,-1.2268139e+01,-7.9253945e+00, 9.7016613e-01,-2.4635519e+00,-1.2621577e+01, 1.2229686e+01,-1.1782972e+01, 1.5274593e+00, 6.0780773e+00,-1.9865923e+00,-1.1858741e+01,-1.8465619e+01,-1.3038851e+00,-6.0637126e+00,-6.3742628e+00,-1.4808696e+01,-1.2262218e+01,-1.2419759e+01, 1.9829640e+00, 1.3345882e+00,-5.9423199e+00,-1.5772128e+00
1.1483410e+01,-2.9678077e+01, 0.0000000e+00,-9.0416565e+00,-2.3637792e+01,-2.3988390e+01,-2.8147256e+01,-1.0036756e+01,-2.9464220e+01,-3.1204051e+01, 9.5943777e+00,-2.7701855e+00,-2.1305278e+01,-2.9056136e+01, 2.8185296e+01,-2.2560867e+01,-2.8901642e+01,-3.3230616e+00,-2.6252726e+01, 1.2632480e+01, 1.4526750e+01,-1.5645998e+01,-1.7571849e+01, 1.8502210e+01,-1.1487829e+01, 2.7361238e+01,-2.6988013e+01, 1.7776383e+01,-3.2049094e+01,-1.3928831e+01,-6.2779083e+00, 2.0995050e+01,-2.1101542e+01,-3.0334097e+01, 1.7441105e+01, 2.1410448e+01, 2.2556924e+01,-2.3289097e+01,-1.3654012e+01,-2.0519929e+01, 1.0069151e+01, 1.4807509e+01,-7.1596661e+00,-2.8404512e+01,-2.1536569e+01,-1.4725366e+01, 1.3640931e+01, 8.7665283e+00, 2.2704185e+01,-2.6391672e+01, 1.6251636e+01, 1.8775125e+01,-1.6290021e+01, 3.6504229e+00, 2.7672917e+01, 4.7277676e+00,-2.2443734e+01,-1.5954772e+01, 2.5951007e+01, 6.2482355e+00, 2.2678002e+01, 1.8079700e+01, 2.3714886e+01, 2.4030465e+01, 2.2305823e+01, 1.8978674e+01, 1.4426681e+01, 2.5220584e+01,-1.4808886e+00, 7.5053490e+00, 1.7957587e+01, 3.5486146e+00, 1.5157254e+01, 6.3904348e+00, 2.2831666e+01, 2.3059368e+01, 1.0468116e+01,-7.7541799e-01, 5.5361972e+00, 1.8629439e+01, 1.2784090e+01,-2.8435502e+00, 2.4880115e-01,-1.3215152e+00,-1.3022309e+00, 7.3354507e+00,-5.9209731e+00,-1.4142403e+01,-8.4669739e+00, 7.5806124e+00,-3.6046541e+00,-2.4253924e+00,-5.6026907e+00,-5.8344969e+00,-2.6354703e+00, 7.5095325e+00,-4.6724708e-01,-2.0909866e+00, 4.9744662e+00, 4.6849862e+00
3.1687381e+01, 8.2194697e+00,-9.0416565e+00, 0.0000000e+00, 1.9924256e+01, 1.3250897e+01, 8.6084027e+00, 7.1445801e-01, 1.7114797e+01, 7.6994300e+00,-6.5094268e+00, 1.8522286e+01, 2.2860216e+01, 1.4806515e+01,-5.5438384e+00, 2.3272326e+01,-3.3952997e+00, 3.1229999e+01,-1.7315264e+01, 6.3452898e+00, 5.2334652e+00,-7.2176303e+00,-2.0448638e+00,-1.3663319e+00, 2.8022406e+01,-1.8421940e+01, 1.0747387e+01, 6.1623020e-01, 1.2937989e+01, 8.5926540e-01, 2.7971916e+01,-4.1028134e+00,-9.5548824e+00,-4.1346113e+00, 7.7503877e+00, 6.6581162e+00,-2.6234654e+00, 1.0186708e+01, 3.6814517e+00, 9.6796819e+00, 2.2742131e+00,-3.7343492e+00,-9.7652644e+00, 1.4713972e+01,-9.4901181e-02, 8.1553348e+00,-8.0187132e+00,-4.1951423e+00,-5.7894248e+00, 4.7659445e+00, 9.5822078e-01,-6.6748924e+00, 1.2363004e+00, 5.5187873e+00,-2.8577365e+00,-2.9173673e+00, 8.9175621e+00,-9.3733820e+00,-1.1316950e+01, 1.8740134e+00,-1.0331912e+01,-8.3859757e+00, 6.2554147e+00,-7.1431720e+00,-1.7650563e+00,-1.2297329e+01, 4.8641353e-02,-1.0954343e+01,-8.6427975e+00,-5.8783413e+00, 9.6184338e-01, 9.0239957e+00,-1.1696084e+01,-5.5947534e+00,-5.8303325e+00,-8.7645713e+00,-7.4582712e+00,-5.1900474e+00,-7.6237146e+00, 4.4001685e+00, 6.0797128e+00,-1.5579815e+00,-1.0467373e+01, 7.5358996e+00,-9.9452029e+00, 3.2196244e+00, 3.9168124e+00,-5.8789904e-01,-5.8618740e+00,-1.3151250e+01, 1.0072484e+00,-4.6622476e+00,-5.8703102e+00,-9.6851311e+00,-8.0881904e+00,-6.1070945e+00, 2.7075264e+00, 9.2374326e-01,-5.5557464e+00,-7.5006062e-01
-6.3281209e+00, 3.1456382e+01,-2.3637792e+01, 1.9924256e+01, 0.0000000e+00, 3.3370000e+01, 3.3026112e+01, 4.9320765e+00, 3.3152062e+01, 2.8430952e+01, 1.0906462e+01, 2.0399998e+01, 3.5937630e+01, 3.1297107e+01,-1.9077603e+01, 3.5088368e+01, 1.6383058e+01, 1.9302685e+01, 4.0911938e+00,-9.2494087e-01,-8.9911251e+00, 1.6624148e+00, 8.4186371e+00,-2.0285663e+01, 2.2563361e+01,-2.4807602e+01, 1.8378290e+01,-5.7863855e+00, 2.6947107e+01, 5.8496388e+00, 1.8247593e+01,-3.4251358e+00, 1.5065025e+01, 1.7746098e+01,-1.0193578e+01,-8.9960798e+00,-2.0083385e+01, 2.8133235e+01, 1.0775104e+01, 2.3708237e+01,-1.4750036e+01, 5.5392943e+00, 1.4363509e+01, 2.0987201e+01, 1.5396231e+01, 6.5644894e+00,-1.1315806e+01, 1.1653387e+01,-1.5286939e+01, 1.6943553e+01, 4.5982090e+00,-1.1141471e+01, 4.3372892e+00, 5.5867786e+00,-1.0045729e+01, 5.9719115e+00, 1.7136097e+01,-4.9454742e-01,-2.1072016e+01, 2.2601339e+00,-1.5839357e+01,-9.3708474e+00,-1.3378650e+01,-1.8786165e+01,-1.6687931e+01,-1.1973779e+01,-6.4408365e+00,-2.1807039e+01,-1.2962516e+01,-1.1935326e+01,-1.5161676e+01, 1.0533077e+01,-1.3618111e+01,-1.1733025e+01,-1.3178299e+01,-2.1723955e+01,-1.4924614e+01,-9.1965051e+00,-1.2915449e+01,-2.6490603e+00, 7.3010230e-01,-1.8754665e+00,-1.4986735e+01, 8.6221718e+00,-1.1613861e+01, 2.3783346e+00, 2.7014125e+00,-8.2109581e-02,-8.5436953e+00,-1.7331519e+01, 6.4890573e-02,-2.1195885e+00,-6.4668695e+00,-1.4226513e+01,-1.1502037e+01,-1.2922435e+01, 1.5916956e+00, 6.2550298e-01,-6.4822914e+00,-1.0898975e+00
-1.2006364e+01, 3.6703312e+01,-2.3988390e+01, 1.3250897e+01, 3.3370000e+01, 0.0000000e+00, 3.4619681e+01, 1.0619001e+01, 3.4204218e+01, 2.9484807e+01, 4.3008479e+00, 2.5108147e+01, 2.8358238e+01, 3.2581741e+01,-2.0029029e+01, 2.6842739e+01, 1.5568768e+01, 1.3532953e+01,-5.0860762e-01, 1.1018509e+01,-5.8926079e+00,-1.5638745e+00, 1.1185467e+01,-1.1899850e+01, 1.8380170e+01,-2.2249251e+01, 2.3019467e+01,-4.3203773e+00, 2.1408271e+01, 1.1031715e+01, 1.3856494e+01, 1.0407314e+00, 9.1820077e+00, 1.9196615e+01,-5.7950667e+00,-4.5931532e+00,-2.1442966e+01, 2.6131255e+01, 1.3258954e+01, 1.7354034e+01,-1.4354124e+01, 6.8015775e-02, 1.3995909e+01, 1.3075852e+01, 1.4741860e+01, 7.2807504e+00,-8.6412953e+00, 1.3366685e+01,-1.4982661e+01, 1.6238579e+01, 5.6908550e+00,-9.5240502e+00, 2.5779117e+00, 8.4906482e+00,-1.0856610e+01, 1.9886078e+00, 1.6982695e+01,-7.2147687e-01,-2.0828996e+01, 3.1492168e+00,-1.5570000e+01,-2.8694274e+00,-1.2443264e+01,-1.7983809e+01,-1.5766123e+01,-1.4317549e+01,-5.4053525e+00,-2.1795272e+01,-1.3055564e+01,-1.1459119e+01,-1.0681027e+01, 1.0539075e+01,-1.3777463e+01,-1.0643251e+01,-1.2044289e+01,-2.1173829e+01,-1.2996083e+01,-9.9098424e+00,-1.1848569e+01,-1.4614688e+00, 3.0821247e+00,-2.0665622e+00,-1.3911109e+01, 1.0222490e+01,-1.0612744e+01, 2.5021504e+00, 4.1081910e+00,-4.1709299e-02,-1.0267155e+01,-1.7446426e+01, 5.1166515e-01,-3.5545897e+00,-6.0514121e+00,-1.1762787e+01,-1.2227164e+01,-1.1671541e+01, 1.2726144e+00, 1.6477033e+00,-6.8817257e+00,-6.3668749e-01
-1.6511846e+01, 3.6304109e+01,-2.8147256e+01, 8.6084027e+00, 3.3026112e+01, 3.4619681e+01, 0.0000000e+00, 1.8688889e+01, 3.4825861e+01, 3.2504812e+01,-7.6454816e+00, 2.0661604e+01, 3.1507513e+01, 3.4994682e+01,-2.1859497e+01, 2.9235054e+01, 2.0673048e+01, 8.0594971e+00,-1.7838791e+00,-5.0694130e+00, 1.7935085e+00,-5.8043936e+00, 1.3086702e+00,-2.0013324e+01, 1.6848500e+01,-2.2605140e+01, 2.3818522e+01,-1.1303604e+00, 2.2771737e+01, 1.7916476e+01, 9.3462036e+00,-7.9849258e+00, 1.0451503e+01, 1.9630538e+01,-1.2195799e+00,-4.1587791e+00,-1.6528300e+01, 2.7126070e+01, 1.8467086e+01, 1.8555426e+01,-1.2944754e+01, 7.8241341e+00, 9.5931689e+00, 1.7403598e+01, 2.1779048e+01, 1.4324816e+01,-7.1177259e+00, 1.5878659e+01,-1.9174488e+01, 1.5019085e+01, 2.2341783e+00,-1.1047603e+01, 2.0126363e+00, 5.1835816e+00,-1.8614226e+01,-7.4254946e-01, 1.9462232e+01, 1.8271739e+00,-2.3475809e+01, 4.0951449e+00,-1.9945593e+01,-1.4503400e+01,-1.5082243e+01,-2.0924296e+01,-1.9401059e+01,-1.9354368e+01,-1.0896024e+01,-2.2329635e+01,-1.4997786e+01,-1.4706730e+01,-1.4413033e+01, 1.3260099e+01,-1.8431202e+01,-1.0778299e+01,-1.4645140e+01,-2.2264917e+01,-1.7515173e+01,-1.3390080e+01,-1.2983736e+01,-3.5587617e+00,-2.3777971e+00,-4.1939013e+00,-1.2498814e+01, 7.4239680e+00,-1.2116522e+01, 5.1588731e-01, 2.6373281e+00,-1.9263916e+00,-1.1405996e+01,-1.8778448e+01,-1.3154215e+00,-6.8925114e+00,-7.8519654e+00,-1.5475973e+01,-1.2436627e+01,-1.2691963e+01,-1.3255055e-01, 1.2459999e+00,-7.3182389e+00,-1.4144398e+00
-1.1375098e+01, 1.7324232e+01,-1.0036756e+01, 7.1445801e-01, 4.9320765e+00, 1.0619001e+01, 1.8688889e+01, 0.0000000e+00, 1.7225760e+01, 2.2435698e+01,-1.8503603e+01,-1.2683084e-01, 1.1063135e+01, 2.0742507e+01,-9.2894200e+00, 1.3357999e+01, 2.0052997e+01,-5.0305175e+00,-1.2021000e+01,-2.4219975e+01, 1.5357675e+01,-2.2569120e+01,-1.7831330e+01,-1.4588677e+01, 6.8427603e+00,-1.2662121e+01, 2.4854624e+01, 1.0209956e+01, 2.7251518e+00, 2.5800628e+01,-4.7983558e+00,-1.2102319e+01,-1.5525952e+01, 7.1627402e+00, 1.5587146e+01, 9.6996276e+00, 6.2672577e+00, 1.9022096e+01, 2.5965611e+01, 3.0728150e+00,-6.7204699e+00, 1.2294602e+01,-8.9902582e+00, 8.6225526e+00, 2.6439273e+01, 2.4656349e+01, 8.7038915e+00, 1.5317879e+01,-1.7974366e+01, 1.0241172e+01,-6.3541685e+00,-4.4715528e+00,-5.3505443e-01,-2.0273637e+00,-1.4251094e+01,-6.2123206e+00, 9.8160579e+00, 9.1558394e+00,-1.7890648e+01, 8.1936750e+00,-2.1644147e+01,-1.7391090e+01,-1.4328811e+01,-1.8009017e+01,-1.5603163e+01,-1.8722244e+01,-1.3313745e+01,-1.3201073e+01,-1.7736107e+01,-1.9102074e+01,-1.0905653e+01, 1.7286915e+01,-1.9829417e+01,-1.1697532e+01,-9.1596791e+00,-1.7462157e+01,-1.9757178e+01,-1.8991020e+01,-1.2170388e+01,-2.4372631e-01,-5.7219654e+00,-8.1805959e+00,-1.0327840e+01, 3.8376430e+00,-1.3369627e+01,-5.0336278e+00,-7.7927782e-01,-9.3787019e+00,-1.7745468e+01,-1.8401696e+01,-1.8111390e-01,-8.5301165e+00,-3.6741953e+00,-1.6875865e+01,-1.1904833e+01,-1.2584749e+01, 5.2499033e-01,-8.5013625e-01,-5.3911059e+00,-3.5017114e+00
-8.5270204e+00, 3.5485643e+01,-2.9464220e+01, 1.7114797e+01, 3.3152062e+01, 3.4204218e+01, 3.4825861e+01, 1.7225760e+01, 0.0000000e+00, 3.2893396e+01,-4.6350600e+00, 2.2756912e+01, 3.0675413e+01, 3.3310959e+01,-2.5755554e+01, 2.8938859e+01, 1.5282932e+01, 1.5366793e+01,-6.4000193e+00, 4.5358243e+00,-4.6599204e+00, 1.0971705e+00, 1.0160559e+01,-2.0964976e+01, 1.9948211e+01,-2.3809841e+01, 2.5389435e+01,-5.7455299e+00, 2.1551976e+01, 1.4021952e+01, 1.7421059e+01,-1.3538120e+01, 1.0918323e+01, 1.9918935e+01,-9.7356538e+00,-6.4228839e+00,-2.0710070e+01, 2.5687530e+01, 1.7426574e+01, 1.5393489e+01,-1.3911932e+01,-2.7734164e-01, 1.0837477e+01, 1.8426085e+01, 1.9138195e+01, 1.4368147e+01,-1.3175005e+01, 1.0623394e+01,-1.9750179e+01, 1.7293321e+01,-4.0721732e-01,-1.5726974e+01, 4.9824974e-01, 5.4334122e+00,-2.2205628e+01,-5.8319030e+00, 2.0379060e+01, 6.7496935e-01,-2.3722697e+01, 3.0388933e+00,-2.0945460e+01,-1.4162225e+01,-1.2913338e+01,-2.1484824e+01,-1.6927513e+01,-1.9458704e+01,-9.6080797e+00,-2.4732364e+01,-1.3374171e+01,-1.3034049e+01,-1.2946899e+01, 1.0632942e+01,-1.6051558e+01,-1.3072430e+01,-1.5123149e+01,-2.3046736e+01,-1.7153835e+01,-1.2429064e+01,-1.4542440e+01,-8.3500924e+00,-2.9891563e+00,-3.3617690e+00,-1.2027130e+01, 9.5564638e+00,-1.1842688e+01, 1.7369893e-01, 3.5117069e+00,-1.1350768e+00,-1.0281413e+01,-1.7069260e+01, 3.0258953e-01,-5.6640593e+00,-7.6995672e+00,-1.2576618e+01,-1.1514485e+01,-1.2467092e+01, 7.8496288e-01, 1.3593209e+00,-6.3006665e+00,-2.4086496e+00
-1.6834901e+01, 3.1964101e+01,-3.1204051e+01, 7.6994300e+00, 2.8430952e+01, 2.9484807e+01, 3.2504812e+01, 2.2435698e+01, 3.2893396e+01, 0.0000000e+00,-1.5284700e+01, 8.7868170e+00, 2.9760792e+01, 3.3474317e+01,-2.5913709e+01, 2.5004171e+01, 1.9809403e+01,-2.9900067e-02,-7.3367905e+00,-3.0681554e+00, 1.6111691e+00, 7.2899209e-01, 1.6718807e+00,-2.3463043e+01, 1.0243083e+01,-2.6716979e+01, 2.5943461e+01,-7.1666558e+00, 2.0395995e+01, 2.1117453e+01, 2.7280969e+00,-1.8667278e+01, 1.1451937e+01, 1.8974326e+01,-4.9228784e+00,-7.7223139e+00,-1.2927207e+01, 2.5897198e+01, 2.2053838e+01, 9.0827450e+00,-1.1678225e+01, 2.2085023e+00,-1.5636901e-01, 1.9089348e+01, 2.4052869e+01, 2.1014796e+01,-1.2105144e+01, 1.0222379e+01,-2.3071751e+01, 1.7857665e+01,-3.9773736e+00,-1.7378032e+01,-5.4052244e+00, 7.6734598e-01,-2.4050667e+01,-1.3426204e+01, 2.2483238e+01, 5.5790454e+00,-2.4582206e+01, 2.7984363e+00,-2.4188355e+01,-1.9876853e+01,-1.5145717e+01,-2.4025238e+01,-2.0349504e+01,-2.3298964e+01,-1.4567395e+01,-2.3350852e+01,-1.2416332e+01,-1.4106558e+01,-1.3654541e+01, 9.2630429e+00,-1.8189105e+01,-1.0610850e+01,-1.4909053e+01,-2.3507299e+01,-2.0609782e+01,-1.4171988e+01,-1.5201595e+01,-1.1059342e+01,-8.9155711e+00,-2.9450052e+00,-9.0448884e+00, 2.4488120e+00,-1.1677139e+01,-5.4817304e+00,-1.7282840e+00, 3.4480467e-01,-1.1626650e+01,-1.6777064e+01,-8.0527749e-02,-7.4196906e+00,-6.6035941e+00,-1.1701848e+01,-7.9555961e+00,-1.0613961e+01,-1.5466609e+00,-1.6248821e-01,-6.2978923e+00,-2.6287603e+00
4.1790697e+00,-3.2636039e+00, 9.5943777e+00,-6.5094268e+00, 1.0906462e+01, 4.3008479e+00,-7.6454816e+00,-1.8503603e+01,-4.6350600e+00,-1.5284700e+01, 0.0000000e+00, 4.6436398e+00,-3.1039832e+00,-1.2112057e+01,-1.7406066e+01, 3.9109684e+00, 1.4914770e+00, 7.4071081e+00, 2.6014708e+01, 1.8740295e+01,-2.6803970e+01, 1.5638648e+01, 2.5072870e+01, 1.4085448e+01, 3.5745388e+00, 1.6588430e+01,-5.1358677e+00,-1.9090070e+01, 1.7522066e+01,-2.1410445e+01, 2.4923916e+00, 2.7455284e+01, 1.6057051e+01, 6.5217296e+00,-2.2533067e+01,-2.2941587e+01,-2.8320423e+01,-4.2613688e+00,-1.7982970e+01, 2.5086985e+01,-2.5169285e+01,-1.8061440e+01, 2.6106842e+01, 3.4282537e+00,-6.6248331e+00,-2.0056243e+01,-1.2528662e+01,-1.0138905e+01, 7.3515034e+00, 8.4472294e+00, 7.4331808e-01, 1.1119844e+01, 1.6031834e+01, 7.7479649e+00, 2.1627462e+01, 2.6028902e+01, 2.9854113e+00, 3.6667918e+00, 1.2041772e+00,-1.2584812e+00, 1.2673799e+01, 2.0153049e+01,-1.2318122e+01, 7.0950130e+00,-7.2349129e+00, 1.6021872e+01, 9.7528692e+00,-6.8773506e+00, 8.2968986e+00, 9.3297698e+00,-1.4330013e+01,-1.0854773e+01, 1.2913438e+01,-4.5091879e+00, 2.7471347e+00,-6.3427229e+00, 4.5622416e+00, 1.1219713e+01, 2.4353269e+00,-8.4911101e+00, 6.2636411e+00, 2.3858624e+00,-2.3925620e+00, 4.2278273e+00, 2.1944782e+00, 3.6798692e+00, 3.1402055e+00, 3.9699258e+00, 5.3209398e+00,-2.9536629e+00, 3.1799397e-02, 9.0301769e+00, 4.5440995e+00, 1.9025145e+00,-2.8544451e+00,-4.5837266e+00,-3.9896712e+00,-2.7839871e+00, 1.0701311e+00, 1.9326753e+00
1.5983843e+01, 2.5731600e+01,-2.7701855e+00, 1.8522286e+01, 2.0399998e+01, 2.5108147e+01, 2.0661604e+01,-1.2683084e-01, 2.2756912e+01, 8.7868170e+00, 4.6436398e+00, 0.0000000e+00, 1.6326938e+01, 2.2499645e+01, 3.4597602e-02, 1.3348258e+01,-1.2965102e+01, 2.2732121e+01,-6.9226383e+00, 1.3895931e+01,-7.6441722e+00,-1.6249440e+01, 3.0105990e+00, 4.8649505e+00, 2.2933266e+01, 1.3306100e+00, 9.6202528e+00, 1.1244889e+01, 7.0624836e+00,-7.5805337e+00, 2.2661972e+01, 1.2614183e+01, 2.6200367e+00, 2.4586354e+00, 1.0125747e+00, 1.4973308e+01,-1.1056769e+01,-2.1099919e+00,-7.4565220e+00, 1.4362815e+01,-9.6127113e+00,-3.5235986e+00, 1.5194887e+01,-5.2365374e+00,-4.8690681e+00,-4.8313161e+00, 8.6202657e+00, 2.0177881e+01,-1.7328088e+00,-1.4369174e-01, 1.0592047e+01,-3.3267215e-01, 1.1001602e+01, 1.1161829e+01, 1.8487296e+00, 1.6268152e+01, 1.3944428e+00,-8.4667901e+00,-1.1622252e+01,-5.1381383e-01,-6.2833792e+00, 5.8394865e+00,-4.0045809e+00,-5.4338700e+00,-3.5414661e+00,-4.4461866e+00, 7.5253064e-01,-1.2950190e+01,-1.1477252e+01,-6.9323353e+00,-3.8200817e+00, 1.1258059e+01,-1.0533166e+01,-1.1103388e+01,-8.5749275e+00,-9.7808108e+00,-4.0608262e+00,-6.7405963e+00,-6.9304649e+00, 7.2234269e+00, 1.1067826e+01,-2.2188990e+00,-1.1308424e+01, 1.5098755e+01,-9.2236921e+00, 6.7680090e+00, 7.2467623e+00,-6.5238980e+00,-9.7006291e+00,-1.4927361e+01,-1.6047472e+00,-5.6671233e+00,-6.7842818e+00,-1.2261640e+01,-1.2157185e+01,-7.4252071e+00, 1.9577785e+00, 4.4654246e-01,-4.8558683e+00,-1.6465431e+00
6.6800609e-01, 2.9628165e+01,-2.1305278e+01, 2.2860216e+01, 3.5937630e+01, 2.8358238e+01, 3.1507513e+01, 1.1063135e+01, 3.0675413e+01, 2.9760792e+01,-3.1039832e+00, 1.6326938e+01, 0.0000000e+00, 3.0459326e+01,-2.1480997e+01, 3.5784168e+01, 1.7197109e+01, 1.8036793e+01,-6.8611538e+00,-3.1890889e+00, 8.4575418e-01,-3.8192172e+00,-4.5000353e+00,-2.5888755e+01, 2.2188696e+01,-2.4973909e+01, 1.8130631e+01,-2.1462423e+00, 2.5210187e+01, 1.2633518e+01, 1.6492784e+01,-1.2438680e+01, 1.1480019e+01, 1.5213809e+01,-6.0979395e+00,-6.9828214e+00,-9.8683366e+00, 2.6246554e+01, 1.5121644e+01, 2.0793172e+01,-1.0872236e+01, 1.2135668e+01, 3.9757744e+00, 2.4088434e+01, 1.9428072e+01, 1.3357080e+01,-1.1232457e+01, 1.0687168e+01,-1.9237023e+01, 1.5780220e+01, 2.4648446e+00,-1.4610280e+01,-4.8198346e+00, 2.6773169e+00,-1.7222840e+01,-5.5545789e+00, 1.8672307e+01,-8.2949692e-01,-2.1175411e+01, 2.8052384e+00,-1.9648376e+01,-1.9327945e+01,-8.2927834e+00,-2.0652748e+01,-1.8267707e+01,-1.8820276e+01,-1.0499857e+01,-2.1341959e+01,-1.4829334e+01,-1.4128653e+01,-1.2371894e+01, 1.2580267e+01,-1.7453433e+01,-1.1729263e+01,-1.0276179e+01,-2.2425186e+01,-1.8745907e+01,-1.2391284e+01,-1.3911800e+01,-5.7412014e+00,-3.6769449e+00,-2.7430458e+00,-1.3196664e+01, 5.8014193e+00,-1.2647675e+01, 1.0483478e+00, 1.6465143e+00,-4.3917758e-03,-1.0370521e+01,-1.8952107e+01,-1.0845844e+00,-4.9727400e+00,-7.6285103e+00,-1.7731401e+01,-1.1674676e+01,-1.2290008e+01,-5.6458305e-01, 4.3284902e-01,-6.7754983e+00,-9.4502035e-01
-9.9961504e+00, 3.4589287e+01,-2.9056136e+01, 1.4806515e+01, 3.1297107e+01, 3.2581741e+01, 3.4994682e+01, 2.0742507e+01, 3.3310959e+01, 3.3474317e+01,-1.2112057e+01, 2.2499645e+01, 3.0459326e+01, 0.0000000e+00,-2.5616284e+01, 2.7408337e+01, 1.7220984e+01, 1.5309705e+01,-5.4507446e+00,-4.3644122e+00, 2.6693801e-01,-5.8895020e+00, 3.4727957e+00,-2.1968661e+01, 1.8843221e+01,-2.5852353e+01, 2.4274323e+01,-3.5168951e+00, 2.0725209e+01, 2.1075187e+01, 1.4306242e+01,-1.2417213e+01, 6.3593949e+00, 1.8711670e+01,-4.4830492e+00,-4.8750082e+00,-1.6247192e+01, 2.6154599e+01, 1.9721457e+01, 1.4630778e+01,-1.2032828e+01, 2.1407370e+00, 5.5867118e+00, 1.8980573e+01, 2.1783202e+01, 1.8199416e+01,-7.3083516e+00, 1.0342508e+01,-1.9968351e+01, 1.5060514e+01,-2.4569597e+00,-1.4001063e+01,-3.1248634e+00, 2.9040749e+00,-2.1910045e+01,-8.3702295e+00, 2.0097796e+01, 2.4018597e+00,-2.3106133e+01, 3.5444794e+00,-2.1249861e+01,-1.6949696e+01,-1.2212230e+01,-2.1017302e+01,-1.7301367e+01,-2.2235552e+01,-1.1137276e+01,-2.2149382e+01,-1.3126341e+01,-1.3372314e+01,-1.3674847e+01, 1.1252691e+01,-1.7628360e+01,-8.8808567e+00,-1.3199949e+01,-2.1905749e+01,-1.7645507e+01,-1.3400195e+01,-1.5145114e+01,-7.7968299e+00,-4.8741782e+00,-3.1285668e+00,-1.1780894e+01, 7.1506812e+00,-1.1100384e+01,-7.2813371e-01, 2.2058011e+00,-7.4204007e-01,-1.0724338e+01,-1.7558446e+01,-1.4359686e+00,-6.5138155e+00,-6.7089317e+00,-1.2753539e+01,-9.7218095e+00,-1.1102523e+01, 1.0746228e+00, 8.3753068e-01,-7.0330186e+00,-1.8375310e+00
3.8081085e+00,-2.5698782e+01, 2.8185296e+01,-5.5438384e+00,-1.9077603e+01,-2.0029029e+01,-2.1859497e+01,-9.2894200e+00,-2.5755554e+01,-2.5913709e+01,-1.7406066e+01, 3.4597602e-02,-2.1480997e+01,-2.5616284e+01, 0.0000000e+00,-1.7330891e+01,-2.0176000e+01,-6.4788748e+00,-1.7479970e+01,-6.7089441e+00, 2.4653288e+01,-2.1817844e+01,-2.6246471e+01, 2.0635303e+01,-7.7751948e+00, 1.6863397e+01,-2.3769753e+01, 2.1889360e+01,-2.2651163e+01,-1.3338456e+01,-5.7604657e+00, 1.7234454e+01,-1.9945963e+01,-2.5476457e+01, 2.7481035e+01, 2.6718124e+01, 2.7035431e+01,-1.2776455e+01,-1.1198732e+01,-6.5734398e+00, 2.4689676e+01, 1.9481536e+01,-1.2850836e+01,-2.0748010e+01,-1.9186564e+01,-9.9463199e+00, 2.2898005e+01, 1.1247906e+01, 2.2065059e+01,-2.3550337e+01, 1.2593647e+01, 2.0751802e+01, 2.8137458e+00,-4.5844580e+00, 1.8896373e+01, 7.4654869e+00,-2.0429491e+01,-1.3916838e+01, 2.0943360e+01, 1.5183795e+00, 1.4609833e+01, 8.4232654e+00, 1.0527730e+01, 1.9228111e+01, 1.9263839e+01, 1.7387504e+01, 1.2985403e+01, 2.1399003e+01,-1.8788918e+00,-5.1881617e+00, 1.5005191e+01, 7.8091579e+00, 4.1726529e-01,-2.3240598e+00, 1.0511846e+01, 1.9465771e+01, 9.3641743e+00,-2.9414969e+00, 2.7312113e+00, 1.8577366e+01, 1.1399195e+01,-5.4771756e+00,-3.6799296e+00,-2.3250342e+00,-1.9486310e+00, 6.0916278e+00,-9.2403866e+00,-1.4003589e+01,-6.7141923e+00, 3.6824892e+00,-2.3342393e+00,-2.3643192e+00,-4.6257281e+00,-2.4432549e+00,-3.2346699e+00, 4.4137894e+00, 1.2322649e+00, 2.4552669e+00,-3.8800357e-02,-6.5612169e-01
6.0094075e+00, 2.6704668e+01,-2.2560867e+01, 2.3272326e+01, 3.5088368e+01, 2.6842739e+01, 2.9235054e+01, 1.3357999e+01, 2.8938859e+01, 2.5004171e+01, 3.9109684e+00, 1.3348258e+01, 3.5784168e+01, 2.7408337e+01,-1.7330891e+01, 0.0000000e+00, 1.8399202e+01, 1.9874559e+01, 1.2511453e+00,-1.2545362e+01, 4.3354970e+00,-6.3678309e+00,-5.7856984e+00,-2.4006522e+01, 2.4817234e+01,-2.1792726e+01, 1.7282899e+01,-3.2042794e-01, 2.6409772e+01, 1.1463335e+01, 1.8020056e+01,-6.2693515e+00, 1.3879775e+01, 1.3697241e+01,-1.1242802e+00,-3.9734106e+00,-9.0079743e+00, 2.8001543e+01, 1.5506401e+01, 2.2868754e+01,-1.1843838e+01, 1.4895189e+01, 4.8623686e+00, 2.3189255e+01, 2.0054075e+01, 1.3120137e+01,-7.9248174e+00, 1.2767649e+01,-1.6724814e+01, 1.3793069e+01, 7.9593792e+00,-8.4363072e+00, 6.7413159e+00, 2.4975285e+00,-1.4292156e+01, 4.4347751e+00, 1.8688853e+01,-6.9376072e-01,-2.0428333e+01, 6.8339882e+00,-1.7663029e+01,-1.8526370e+01,-9.9840820e+00,-1.9777428e+01,-1.7616542e+01,-1.3654070e+01,-9.0977786e+00,-2.0428072e+01,-1.4552081e+01,-1.4492248e+01,-1.4242053e+01, 1.3645832e+01,-1.6529063e+01,-1.2602682e+01,-1.1150124e+01,-2.1938612e+01,-1.7057655e+01,-1.0700673e+01,-1.2800354e+01,-1.6195222e+00,-1.9854952e+00,-3.8434584e+00,-1.3683664e+01, 4.7338839e+00,-1.2543938e+01, 8.6121899e-01, 2.3688205e-01,-1.7854500e+00,-1.0294025e+01,-1.9163294e+01,-3.2779690e-01,-4.5150997e+00,-7.3362848e+00,-1.7187457e+01,-1.1746065e+01,-1.2431314e+01,-3.6510399e-01,-8.4796588e-02,-5.9455080e+00,-1.3783720e+00
-1.8945928e+01, 1.5681423e+01,-2.8901642e+01,-3.3952997e+00, 1.6383058e+01, 1.5568768e+01, 2.0673048e+01, 2.0052997e+01, 1.5282932e+01, 1.9809403e+01, 1.4914770e+00,-1.2965102e+01, 1.7197109e+01, 1.7220984e+01,-2.0176000e+01, 1.8399202e+01, 0.0000000e+00,-7.0247632e+00, 1.9419899e+01,-2.0998262e+01, 2.6384705e+00, 1.4126934e+01, 2.8306275e+00,-2.2366225e+01, 4.3375384e+00,-2.5097552e+01, 2.3790776e+01,-1.1731237e+01, 2.7593270e+01, 2.4986035e+01,-4.0808443e+00,-1.9811466e+01, 4.9225905e-01, 2.6658059e+01,-5.6879774e+00,-1.4094433e+01,-8.6905574e+00, 2.5131517e+01, 2.3684150e+01, 1.5172986e+01,-1.2471031e+01, 5.3310920e+00,-6.5822481e+00, 2.9685816e+01, 2.3887230e+01, 1.2574680e+01,-1.5229639e+01,-6.2065690e+00,-2.2754145e+01, 1.9958713e+01,-1.5082070e+01,-1.4329710e+01, 5.2455955e+00,-1.6232787e+00,-2.0696379e+01,-6.4595624e+00, 1.9574863e+01, 1.9129959e+01,-2.1066657e+01, 2.0100863e+00,-2.1989093e+01,-1.7812227e+01,-1.9877090e+01,-2.2919284e+01,-2.2379258e+01,-1.7239042e+01,-1.4630083e+01,-2.0737402e+01,-9.3693928e+00,-1.2226481e+01,-1.7542606e+01, 4.7481086e+00,-1.6563272e+01,-7.2685553e+00,-1.2418840e+01,-2.1197391e+01,-1.7270158e+01,-7.0341666e+00,-7.1103399e+00,-1.3050611e+01,-1.2705235e+01,-5.8125007e+00,-4.1807264e+00,-5.2150093e+00,-7.3572328e+00,-1.0388936e+01,-2.4418726e+00, 5.9744793e+00,-5.8374954e+00,-1.3003397e+01, 3.3877862e+00, 2.5966247e+00, 6.3665046e-01,-8.5766561e+00,-3.6850329e+00,-1.2259663e+01,-2.8250093e+00,-1.2312262e+00,-4.3001714e+00,-2.3746655e+00
2.8232225e+01, 8.1069573e+00,-3.3230616e+00, 3.1229999e+01, 1.9302685e+01, 1.3532953e+01, 8.0594971e+00,-5.0305175e+00, 1.5366793e+01,-2.9900067e-02, 7.4071081e+00, 2.2732121e+01, 1.8036793e+01, 1.5309705e+01,-6.4788748e+00, 1.9874559e+01,-7.0247632e+00, 0.0000000e+00,-8.0917528e+00, 9.0460588e+00,-4.9032170e+00,-7.4190752e+00, 3.7875361e+00,-1.6161518e+00, 2.4200827e+01,-7.9898241e+00, 6.0303693e+00, 3.3948549e-01, 1.0922291e+01,-6.0104295e+00, 2.5203546e+01, 9.6827794e+00,-6.7324633e+00,-6.7209850e-02,-2.1870832e+00, 4.7869623e+00,-1.1921407e+01, 6.4410808e+00,-3.9270537e+00, 1.5238005e+01,-4.3638822e+00,-5.1357685e+00, 3.4306700e+00, 5.8443706e+00,-4.3177261e+00,-1.6324575e+00,-6.8587490e-01, 2.7161947e+00,-1.6093446e+00, 2.9361267e+00, 2.7410444e+00,-1.4665940e+00, 7.7642415e+00, 4.6198366e+00, 3.7502239e+00, 8.5673358e+00, 5.9427540e+00,-7.8552094e+00,-8.1108896e+00,-4.2182849e-01,-4.0539910e+00,-8.4970496e-03, 5.3814547e+00,-1.9210210e+00,-2.1829862e-01,-4.2981605e+00, 2.6055755e+00,-9.0996024e+00,-6.9937520e+00,-4.5532209e+00,-3.7952671e+00, 8.6460489e+00,-7.7456342e+00,-8.9280770e+00,-4.2048142e+00,-8.2098985e+00,-5.1358290e+00,-2.6101650e+00,-6.7786376e+00, 4.5771872e+00, 6.6828634e+00,-2.4563796e+00,-1.1592261e+01, 9.0261389e+00,-8.1339048e+00, 5.1333740e+00, 3.5215517e+00,-1.4286940e+00,-5.6618758e+00,-1.1629423e+01, 3.7145362e-01,-2.6129506e+00,-5.1641694e+00,-9.1454090e+00,-9.5055876e+00,-6.1393900e+00, 1.8180121e+00, 1.4508477e-02,-4.4921181e+00,-8.5901629e-01
-1.5679485e+01,-2.8445273e-01,-2.6252726e+01,-1.7315264e+01, 4.0911938e+00,-5.0860762e-01,-1.7838791e+00,-1.2021000e+01,-6.4000193e+00,-7.3367905e+00, 2.6014708e+01,-6.9226383e+00,-6.8611538e+00,-5.4507446e+00,-1.7479970e+01, 1.2511453e+00, 1.9419899e+01,-8.0917528e+00, 0.0000000e+00,-4.6574774e+00,-1.9428695e+01, 2.0752633e+01, 2.2901103e+01, 8.6597545e+00,-6.0652774e+00,-4.8605946e+00, 2.1071399e+00,-1.7960312e+01, 2.1949161e+01,-1.0673467e+01,-9.6442021e+00, 1.3536193e+01, 2.2762918e+01, 1.8795252e+01,-2.0662372e+01,-2.3559710e+01,-2.3557470e+01, 4.4755211e+00,-1.3413237e+01, 2.5986578e+01,-1.6207510e+01,-1.1656671e+01, 2.4397003e+01, 1.3152412e+01,-2.3337431e+00,-1.4674417e+01,-1.0590871e+00,-7.4294449e+00,-4.1677641e-01, 1.4816100e+01,-2.8542588e+00, 4.2459385e+00, 2.1277797e+01,-1.3569212e+00,-1.3526917e+00, 2.0276246e+01, 1.0852165e+01, 1.1755907e+01,-1.0683141e+01,-4.9111261e+00, 3.4971869e+00, 6.8360225e+00,-1.7936937e+01,-4.0323382e+00,-1.3264954e+01, 7.7427704e+00, 2.7489318e+00,-1.0211371e+01, 7.9720541e+00, 1.7536167e-01,-1.5660905e+01,-1.0998941e+01, 1.7306874e+00,-3.5695756e+00,-1.2655555e+01,-8.7864344e+00, 2.9606898e+00, 1.0286134e+01, 2.9211509e-01,-1.5774500e+01,-4.7415749e+00, 1.3786249e+00,-8.6178047e-01,-3.5358076e+00, 4.6594557e+00,-1.6259391e+00,-1.3816095e+00, 4.4997899e+00, 5.5712328e+00, 6.7092899e-01, 1.8957912e+00, 9.7731325e+00, 6.9855784e+00, 7.7288408e+00, 4.0836916e-01,-4.7242472e+00,-2.6268158e+00,-1.1164114e+00,-8.8386437e-02,-1.4618535e+00
1.7765457e+01, 9.0862938e+00, 1.2632480e+01, 6.3452898e+00,-9.2494087e-01, 1.1018509e+01,-5.0694130e+00,-2.4219975e+01, 4.5358243e+00,-3.0681554e+00, 1.8740295e+01, 1.3895931e+01,-3.1890889e+00,-4.3644122e+00,-6.7089441e+00,-1.2545362e+01,-2.0998262e+01, 9.0460588e+00,-4.6574774e+00, 0.0000000e+00,-2.1949386e+01, 1.4139979e+01, 2.3969341e+01, 2.0349286e+01, 5.3750493e+00, 1.2605957e+01, 3.9586174e+00,-7.3939899e+00,-1.2837371e+01,-2.6748472e+01, 8.7167924e+00, 1.9020839e+01, 1.6261224e+00,-1.3140280e+00,-2.1867959e+01,-4.8767082e-01,-2.1237053e+01,-1.7963435e+01,-2.6497335e+01,-5.4146533e+00,-1.7334234e+01,-1.9534000e+01, 1.4842714e+01,-1.8184581e+01,-1.8932340e+01,-2.6982369e+01,-5.6234400e+00, 6.4833781e+00, 6.4826083e+00, 7.7644668e+00, 1.4827192e+01,-8.9981317e+00,-9.8262708e+00, 1.8274864e+01, 1.0288055e+01, 5.2033334e+00, 9.2423024e-01,-1.3929673e+01, 7.2451530e-01,-6.2848261e+00, 8.3449501e+00, 2.1057778e+01, 4.1733413e+00, 6.1827101e+00, 4.1187307e+00, 8.8096942e+00, 1.0314900e+01,-7.0527588e+00, 4.0796054e+00, 1.3246487e+01, 8.2150606e+00,-1.2825577e+01, 1.4500751e+01,-3.7487444e+00, 3.6981025e+00, 7.8009343e+00, 8.9352926e+00, 6.6530859e+00, 5.1202026e+00, 2.9867866e+00, 1.3776661e+01, 6.6859214e+00,-4.2726240e-01, 1.3733080e+01, 4.1484301e+00, 8.8292147e+00, 1.3685328e+01, 3.9058040e+00, 1.8038534e+00, 5.2705947e+00,-7.6865630e-01, 5.3642352e+00, 1.6688250e+00, 7.0272997e+00,-2.8656628e+00, 1.4789959e-01, 3.7722417e+00, 2.8150614e-01, 2.8290487e+00,-6.1362833e-01
-5.6135609e+00,-8.2638579e+00, 1.4526750e+01, 5.2334652e+00,-8.9911251e+00,-5.8926079e+00, 1.7935085e+00, 1.5357675e+01,-4.6599204e+00, 1.6111691e+00,-2.6803970e+01,-7.6441722e+00, 8.4575418e-01, 2.6693801e-01, 2.4653288e+01, 4.3354970e+00, 2.6384705e+00,-4.9032170e+00,-1.9428695e+01,-2.1949386e+01, 0.0000000e+00,-2.1956067e+01,-2.8553701e+01,-1.0035472e+00,-1.4323383e+00,-4.0073875e+00,-5.5986170e+00, 1.5738313e+01,-1.0578913e+01, 1.7453883e+01,-3.2943526e+00,-8.1493111e+00,-2.0864046e+01,-1.1037623e+01, 2.9149049e+01, 2.2570603e+01, 2.7644454e+01, 6.2863107e+00, 1.8299944e+01,-1.1290254e+01, 2.0909178e+01, 2.3026134e+01,-2.4094177e+01, 1.7558671e+00, 8.2249456e+00, 1.4346661e+01, 1.3266346e+01, 6.3412390e+00, 8.4462692e-01,-1.2892295e+01, 1.0242875e+01, 5.1753024e+00,-4.2499076e+00,-3.5853118e+00,-3.9859907e-01,-9.5251215e+00,-2.1303267e+00,-3.8600137e+00, 5.2548959e+00, 9.1768675e+00,-5.1261402e+00,-1.0827206e+01, 1.1675239e+01,-2.6668947e+00, 4.8615163e+00, 1.2117021e+00,-5.7026705e+00, 7.8561638e+00,-7.9339294e+00,-1.1202386e+01, 1.1664021e+01, 9.9745286e+00,-1.0252256e+01,-2.7363506e+00, 5.8013955e+00, 1.7821891e+00,-6.8384999e+00,-8.4062024e+00,-6.3825238e+00, 1.3765922e+01,-5.0953551e+00,-6.8822270e+00,-3.5021098e+00,-1.0467026e+01,-7.2146818e+00,-4.6915260e+00,-8.0861139e+00,-6.3904216e+00,-6.7602238e+00,-4.4903285e+00,-4.6527638e-01,-6.8119261e+00,-7.6690829e+00,-7.9273498e+00,-4.7702789e+00,-3.0484052e+00,-2.0642702e+00,-2.9400196e-01,-1.1003047e+00,-1.4727824e+00
-4.5739298e+00,-1.6806108e-01,-1.5645998e+01,-7.2176303e+00, 1.6624148e+00,-1.5638745e+00,-5.8043936e+00,-2.2569120e+01, 1.0971705e+00, 7.2899209e-01, 1.5638648e+01,-1.6249440e+01,-3.8192172e+00,-5.8895020e+00,-2.1817844e+01,-6.3678309e+00, 1.4126934e+01,-7.4190752e+00, 2.0752633e+01, 1.4139979e+01,-2.1956067e+01, 0.0000000e+00, 2.7159949e+01, 2.0113112e+00,-8.6149215e+00,-1.6717981e+01, 1.1144601e+01,-2.8530292e+01, 9.1322545e+00,-2.4489119e+01,-6.4384407e+00,-1.8981350e+01, 2.1175366e+01, 1.3953464e+01,-2.2027195e+01,-3.0936625e+01,-1.4548262e+01,-2.2305261e+00,-2.4740699e+01,-1.1437075e+01,-1.0486418e+01,-1.6609876e+01, 9.9617462e+00, 6.9771171e+00,-4.9898988e+00,-2.2838311e+01,-2.2188496e+01,-2.6962206e+01,-7.3308085e+00, 2.1692360e+01,-6.0318611e-01,-1.2992179e+01, 1.3509219e+01, 1.2652179e+01,-2.3197361e+00,-3.3198102e+00, 1.6538321e+01, 5.8349534e+00,-6.8468012e+00,-3.8917594e-01, 5.5119047e+00, 4.8774750e+00, 3.9407143e+00,-5.4321360e+00,-9.0874286e+00, 4.7904529e+00, 7.7214657e+00,-1.3140279e+01, 1.1490733e+01, 1.5323962e+01, 8.6113985e-02,-2.2161910e+01, 1.2476178e+01, 2.5522378e+00,-3.2615070e+00,-6.5734005e+00, 7.7119719e+00, 1.3132906e+01, 1.2938622e+01,-1.4337158e+01,-4.5561747e+00, 8.7026660e+00, 6.8773924e+00,-5.1896568e+00, 1.2441162e+01,-3.3331403e+00, 3.3349593e+00, 1.7947328e+01, 1.2346985e+01, 1.2422715e+01, 3.3084958e+00, 1.6797003e+01, 1.2170651e+01, 1.6263198e+01, 9.6377517e+00, 1.4744094e+00,-1.2394850e+00,-7.9611990e-01, 2.8069803e+00,-1.7842426e+00
6.2122719e+00, 1.4525636e+01,-1.7571849e+01,-2.0448638e+00, 8.4186371e+00, 1.1185467e+01, 1.3086702e+00,-1.7831330e+01, 1.0160559e+01, 1.6718807e+00, 2.5072870e+01, 3.0105990e+00,-4.5000353e+00, 3.4727957e+00,-2.6246471e+01,-5.7856984e+00, 2.8306275e+00, 3.7875361e+00, 2.2901103e+01, 2.3969341e+01,-2.8553701e+01, 2.7159949e+01, 0.0000000e+00, 1.0127321e+01, 1.7648958e+00,-6.2499463e+00, 1.3867603e+01,-2.0036196e+01, 1.1237558e+01,-2.2883500e+01, 4.1330534e+00, 3.2680255e-01, 1.9818650e+01, 1.5786848e+01,-2.4945509e+01,-2.6542069e+01,-2.9444037e+01,-7.8109221e+00,-2.4756443e+01, 4.3872341e+00,-2.1806172e+01,-2.3826502e+01, 2.4706889e+01,-3.1481733e+00,-5.0848236e+00,-2.1053414e+01,-1.6864648e+01,-1.4331309e+01,-7.0969906e+00, 2.2968694e+01, 3.5420747e-01,-1.1675582e+01, 1.0373695e+01, 1.6771528e+01,-3.3381596e+00, 9.8417121e+00, 1.3412978e+01, 4.8639018e+00,-1.0442248e+01,-4.6703428e+00, 4.8281146e+00, 1.5974909e+01,-1.0968758e+01,-3.9042039e+00,-9.2770058e+00,-3.8207645e+00, 9.2351299e+00,-1.6454018e+01, 1.1378929e+01, 1.4156995e+01, 3.0314981e-01,-1.5374778e+01, 1.1968125e+01,-3.1833356e-01,-7.9181051e+00,-6.4893053e+00, 1.1201462e+01, 9.9403669e+00, 8.9953417e+00,-8.0027406e+00, 9.6088617e+00, 6.9676101e+00, 7.2414929e-01, 1.0110250e+01, 5.3005939e+00, 3.5899007e+00, 1.3891219e+01, 1.2152999e+01, 9.8688273e+00, 5.6219841e+00, 5.9276364e-01, 1.1278709e+01, 9.9178921e+00, 1.1538772e+01,-6.4116864e-01,-4.2899853e+00, 1.2379161e+00,-1.1145247e+00, 6.8706849e-01,-2.2071769e+00
6.9449509e+00,-2.0991239e+01, 1.8502210e+01,-1.3663319e+00,-2.0285663e+01,-1.1899850e+01,-2.0013324e+01,-1.4588677e+01,-2.0964976e+01,-2.3463043e+01, 1.4085448e+01, 4.8649505e+00,-2.5888755e+01,-2.1968661e+01, 2.0635303e+01,-2.4006522e+01,-2.2366225e+01,-1.6161518e+00, 8.6597545e+00, 2.0349286e+01,-1.0035472e+00, 2.0113112e+00, 1.0127321e+01, 0.0000000e+00,-7.9078849e+00, 5.9454885e+00,-1.6130821e+01,-2.8899678e+00,-1.4011931e+01,-1.7007688e+01,-2.7896473e+00, 2.6990440e+01,-1.5189992e+01,-2.1804144e+01, 1.1792266e+01,-1.7798262e+00,-7.5396227e+00,-1.9588043e+01,-1.8337203e+01,-1.4519053e+00, 9.7249646e+00,-1.5901704e+01, 7.5535658e+00,-1.9013217e+01,-2.1357576e+01,-1.5963115e+01, 1.2718680e+01,-1.3049968e+01, 2.1801162e+01,-1.0914693e+01, 1.3539690e+01, 2.0568223e+01, 1.6539159e+01, 1.5666147e+01, 2.8482343e+01, 1.9063065e+01,-1.3541985e+01,-1.4699399e+01, 1.3141992e+01,-5.4158044e+00, 1.9027816e+01, 2.5367636e+01,-7.2729443e+00, 1.8874604e+01, 1.0627284e+01, 2.0601893e+01, 1.7589495e+01, 1.4209406e+01, 1.1401889e+01, 9.4946332e+00, 1.4004963e+01,-1.1008503e+01, 8.4344566e+00, 9.6216759e-01, 5.4820783e+00, 1.9853913e+01, 1.5715769e+01, 8.3055645e+00, 7.8642214e+00, 1.4044324e+01, 1.6778853e+01, 5.5990682e-01,-7.1352018e-01, 5.0140380e+00, 5.0246817e+00, 4.7760626e+00,-7.5493905e-01,-3.8444829e+00, 2.1882679e+00, 5.0190459e+00,-1.1172611e+00, 3.6440228e+00,-1.1983481e+00, 1.2884222e+01,-1.3434201e+00, 1.6112505e+00, 1.0086074e+00, 4.3239713e+00,-1.3611460e+00, 7.9030816e-01
2.3227891e+01, 1.7354026e+01,-1.1487829e+01, 2.8022406e+01, 2.2563361e+01, 1.8380170e+01, 1.6848500e+01, 6.8427603e+00, 1.9948211e+01, 1.0243083e+01, 3.5745388e+00, 2.2933266e+01, 2.2188696e+01, 1.8843221e+01,-7.7751948e+00, 2.4817234e+01, 4.3375384e+00, 2.4200827e+01,-6.0652774e+00, 5.3750493e+00,-1.4323383e+00,-8.6149215e+00, 1.7648958e+00,-7.9078849e+00, 0.0000000e+00,-1.1353153e+01, 1.6440362e+01, 4.8004615e+00, 1.5922010e+01, 2.3595175e+00, 2.1218825e+01, 4.9378974e+00, 7.7579542e-01, 8.7538981e+00, 6.2641776e-01, 6.1922096e+00,-1.0477066e+01, 1.3261536e+01, 4.1883192e+00, 1.8829563e+01,-8.6224715e+00, 4.7724093e+00, 7.5451707e+00, 9.2176293e+00, 6.7713009e+00, 4.1245413e+00, 1.6919358e+00, 1.3113094e+01,-7.4885443e+00, 7.5442181e+00, 6.2103103e+00,-4.5580735e+00, 1.1005958e+01, 7.1501752e+00,-3.7885562e+00, 9.1742820e+00, 1.1298645e+01,-4.2837026e+00,-1.5117556e+01, 3.5415391e+00,-1.0877954e+01,-3.7838115e+00,-4.0424467e+00,-1.1199170e+01,-7.6283612e+00,-7.6169310e+00,-2.8077820e+00,-1.5585886e+01,-1.2144606e+01,-1.0383340e+01,-6.6235345e+00, 1.2338121e+01,-1.2932397e+01,-1.0779771e+01,-7.9031723e+00,-1.4642836e+01,-1.0482696e+01,-9.0605389e+00,-1.0322069e+01, 4.1769885e+00, 5.2684951e+00,-4.1992919e+00,-1.3086462e+01, 1.0015705e+01,-1.0815074e+01, 3.4214784e+00, 3.6419180e+00,-3.9167255e+00,-9.2387600e+00,-1.5890374e+01,-6.9252440e-01,-3.7278605e+00,-7.9524993e+00,-1.2511838e+01,-1.1009259e+01,-9.6334243e+00, 1.4949410e+00, 1.3479626e+00,-5.4902454e+00,-8.4481191e-01
6.3082655e+00,-1.9931399e+01, 2.7361238e+01,-1.8421940e+01,-2.4807602e+01,-2.2249251e+01,-2.2605140e+01,-1.2662121e+01,-2.3809841e+01,-2.6716979e+01, 1.6588430e+01, 1.3306100e+00,-2.4973909e+01,-2.5852353e+01, 1.6863397e+01,-2.1792726e+01,-2.5097552e+01,-7.9898241e+00,-4.8605946e+00, 1.2605957e+01,-4.0073875e+00,-1.6717981e+01,-6.2499463e+00, 5.9454885e+00,-1.1353153e+01, 0.0000000e+00,-2.2209151e+01, 1.9524692e+01,-1.9608239e+01,-1.6038669e+01,-9.4763024e+00, 2.6445014e+01,-4.4835709e+00,-9.8051352e+00,-7.2688467e+00, 2.0516892e+01,-1.0509217e+00,-2.2649904e+01,-1.7864582e+01, 1.6776073e+00,-1.4584175e+01, 1.0885882e+01, 1.5987598e+01,-2.6357309e+01,-1.5081597e+01,-1.8840270e+01, 2.2134792e+01, 2.2017240e+01, 1.7978508e+01,-2.0300889e+01, 1.0705166e+01, 1.6376866e+01,-6.0297915e+00,-8.0653655e+00, 1.7995007e+01, 1.6980242e+01,-1.6655597e+01,-1.0279223e+01, 1.8727752e+01,-1.4384017e+00, 1.6530846e+01, 1.7012434e+01, 4.7473017e+00, 1.5303974e+01, 1.3562798e+01, 2.0701985e+01, 6.7958239e+00, 1.6067077e+01,-2.0913475e-01, 1.8252156e+00,-1.5361756e+00, 7.0425071e+00, 1.2917086e+01,-4.2508046e+00, 1.1757265e+01, 1.1594977e+01, 8.3299742e+00, 1.7856724e+00,-6.5186646e-01, 8.8956471e+00, 7.1936275e+00,-2.7566944e+00,-6.6375908e-01,-2.3174938e-01,-8.3032210e-01, 7.5059480e+00,-2.5362633e+00,-1.4688548e+01,-3.3842606e+00, 3.1559962e+00,-3.9302018e+00,-3.4677489e+00,-3.6042601e+00,-6.4561425e+00,-4.0777003e+00, 2.7580548e+00,-3.7198521e+00,-3.3522693e+00, 5.1192466e+00, 2.7930120e+00
