['0.0000000e+00', ' 2.1398472e+01', '-3.7991027e+00', ' 2.4707781e+01', '-1.9558276e+01', '-2.6100865e+01', '-1.8511861e+01', '-4.9896885e-01', '-1.6954116e+01', '-1.6174434e+01', '-6.7818098e+00', ' 3.3549935e+00', ' 1.8039066e+01', '-1.9683229e+01', '-1.8339842e+01', ' 9.3797252e+00', '-4.5513085e+00', ' 2.7160444e+01', '-9.6700733e+00', ' 3.4231604e+00', ' 1.9441361e+00', '-7.9816084e+00', ' 1.1454542e+01', '-2.2153420e+01', ' 1.9360816e+01', ' 5.0452188e-01', ' 2.5429889e+01', ' 7.5591115e+00', '-1.1047686e+01', ' 2.3360861e+00', ' 1.7711948e+01', ' 1.1516223e+01', ' 3.4472066e+00', '-9.2468938e-01', ' 1.0353789e+01', ' 1.5884841e+01', ' 6.4962815e+00', '-2.1013385e+01', '-5.0142027e+00', '-1.7470591e+01', ' 1.5553976e+00', ' 5.4802618e+00', ' 2.6787195e+01', ' 7.7050907e-01', ' 1.3534013e+01', ' 3.1925250e+00', ' 1.9347849e+01', ' 2.4391411e+01', ' 6.9701473e+00', '-5.4837915e+00', ' 7.2659437e+00', ' 1.6718847e+01', ' 1.3116689e+01', '-2.1007919e+00', ' 7.4734441e-01', ' 5.6625548e+00', ' 3.5760561e+00', '-1.0356454e+01', ' 3.7326893e+00', ' 1.8675322e-01', '-6.4663321e-01', '-2.1895984e+01', ' 1.0036899e+01', ' 1.3557643e+01', ' 1.8314780e+01', ' 1.2107075e+01', '-8.1425216e+00', '-1.4547388e+00', ' 5.3881221e+00', '-2.7493031e+00', '-5.9073307e+00', ' 5.9155658e+00', ' 1.7802799e+00', '-4.1589803e+00', ' 1.2212500e+01', ' 2.5308937e+00', ' 1.8536456e+01', ' 1.1679953e+01', ' 1.4439611e+01', '-2.7713441e+00', ' 2.4502672e+01', ' 2.0349897e+01', ' 8.4990469e+00', '-1.1918071e+00', '-1.4422591e+01', '-9.8385641e+00', '-6.7394479e+00', ' 1.2375461e+01', ' 6.2942815e+00', '-4.5135676e+00', ' 1.2640773e+01', '-6.0483138e+00', ' 1.1128604e+01', ' 1.5745953e+00', ' 7.3302478e+00', ' 1.2455999e+01', ' 1.8949804e+01', '-3.5675527e+00', '-1.6780453e+00', '-1.0862884e-01']
['2.1398472e+01', ' 0.0000000e+00', '-2.1496161e+01', '-2.2885097e+01', ' 2.4449514e+01', ' 2.5612268e+01', ' 3.3424296e+01', ' 3.5059445e+00', ' 9.0672722e+00', ' 3.2891856e+01', '-6.3126081e+00', ' 2.7893085e+01', '-8.9108964e+00', ' 1.5499572e+01', '-1.2552337e+01', ' 5.4908519e+00', '-2.5242485e+00', '-1.3326745e+01', ' 7.3811603e+00', '-1.8884673e+01', '-1.3167962e+01', '-1.9876422e+01', ' 2.3550592e+01', '-2.7321904e+01', '-1.6824187e+01', '-1.6717716e+01', ' 2.9844198e+01', '-2.6162379e+01', '-5.9740509e+00', '-1.0174008e+01', '-9.2666950e+00', ' 1.1899857e+01', '-1.8430171e+01', ' 4.6739894e+00', ' 1.9950837e+00', ' 2.7933448e+00', '-2.2328297e+01', ' 1.1782134e+01', '-3.6212580e+00', '-2.6986657e+01', '-1.1072982e+01', '-5.4578779e+00', ' 2.3009211e+01', '-1.5053561e+01', ' 1.1947357e+00', '-1.6814025e+01', '-1.5852740e+01', ' 3.5692849e+01', '-2.6453764e+01', ' 1.7617930e+01', ' 2.6215953e+01', ' 1.4384752e+01', '-1.3461952e+01', ' 2.7389421e+01', '-2.5053714e+01', ' 1.3181894e+01', '-2.6774905e+01', '-3.4815944e+00', '-2.0729127e+01', ' 7.6477351e+00', '-2.6161313e+01', '-1.0121684e-01', ' 6.9018091e+00', ' 1.1768470e+01', ' 9.8685582e+00', '-2.9823879e-01', '-7.4564528e+00', '-1.9790506e+01', '-2.5388954e+01', ' 1.2883323e+01', '-1.6349324e+01', '-2.5788866e+01', '-2.4101537e+01', ' 6.7995070e-01', '-1.3058479e+01', '-4.5735080e+00', ' 1.5842930e+01', '-1.8128527e+01', '-1.9223405e+01', '-1.0609738e+01', '-1.1373214e+01', ' 1.0807620e+01', ' 7.0473514e+00', ' 2.2150091e+01', '-1.6146120e+01', ' 6.6610522e+00', ' 1.1400591e+01', '-3.9485775e-01', '-2.3054717e+00', '-2.4138580e+01', ' 2.2833763e+00', '-1.0453906e+01', ' 1.2493739e+01', '-5.8821030e+00', '-9.4615751e+00', '-1.8511644e+01', '-1.2290010e+00', '-2.6862591e+00', '-2.5637663e+01', ' 2.2010650e+01']
['-3.7991027e+00', '-2.1496161e+01', ' 0.0000000e+00', '-1.1775667e+01', ' 2.5977986e+01', ' 2.8622776e+01', '-2.3667918e+01', ' 2.6557326e+01', '-2.2182816e+01', '-2.0371737e+01', ' 3.0773219e+01', ' 2.1556704e+01', ' 1.7717735e+01', '-1.2150432e+01', '-2.1809935e+01', ' 1.8303727e+00', '-2.0280401e+01', ' 4.4580763e+00', '-1.7333292e+01', ' 1.5965884e+01', '-7.9931775e+00', ' 1.5484455e+01', '-2.0220622e+01', '-1.0100807e+01', ' 6.9727435e-01', ' 3.2627503e+01', ' 1.3773623e+01', '-4.7697268e+00', '-2.0800287e+01', ' 1.1682647e+01', '-1.1946655e+00', '-1.3704508e+00', '-3.0323015e+01', '-1.4788168e+01', ' 3.5270875e+00', ' 7.1740557e+00', ' 2.1565184e+01', '-3.9387512e+00', ' 6.4430204e+00', '-2.4320336e+01', '-2.8337749e+01', ' 2.8655733e+01', '-8.4360519e+00', '-2.9554343e+01', '-2.0492533e+01', '-1.1654637e+01', ' 1.5499446e+01', ' 1.5550445e+01', '-1.7589377e+01', '-3.0072249e+01', '-2.2866624e+01', ' 1.8197799e+01', '-2.9421845e+01', ' 2.0181019e+01', ' 2.9025645e+01', '-1.2882757e+01', '-4.8523107e-01', ' 2.8664638e+00', ' 2.3916453e+01', ' 2.1118730e+01', ' 2.6362365e+01', ' 2.7362736e+01', ' 2.5556692e+01', ' 1.3772399e+01', ' 2.0519651e+01', ' 2.4788685e+01', ' 1.5402085e+01', ' 2.1778692e+01', '-2.1992330e+01', ' 7.8943570e+00', ' 2.0311320e+01', '-3.2610131e+01', ' 2.5996244e+01', '-1.3681008e+00', ' 2.0420615e+01', ' 9.3380713e+00', '-2.1187146e+01', '-2.1275771e+01', ' 2.1077287e+01', ' 3.0414863e+00', ' 2.5753103e+01', '-1.7405301e+01', '-2.2510311e+01', '-3.2500123e+01', '-2.2950697e+01', '-2.0856968e+01', '-3.2311643e+01', '-1.9839757e+01', '-2.8287943e+01', '-5.7563720e+00', ' 2.2690559e+01', ' 8.5944657e+00', ' 1.0587947e+01', '-2.2664456e+01', '-1.1916368e+01', ' 1.2070691e+01', ' 1.3778190e+01', ' 6.7421902e+00', '-2.7514496e+01', ' 1.1961797e+01']
['2.4707781e+01', '-2.2885097e+01', '-1.1775667e+01', ' 0.0000000e+00', ' 1.4445087e+01', ' 3.6676927e+00', '-2.4139791e+01', ' 2.4116653e+00', ' 1.6086990e+01', ' 2.4255203e+01', ' 4.0649980e+00', ' 1.8366565e+01', ' 7.1611316e+00', ' 9.1076003e-01', ' 1.6139857e+01', ' 8.1731680e+00', '-2.2354323e+01', ' 3.1449871e+01', '-1.8295282e+01', ' 4.7645683e+00', ' 2.2017603e+00', ' 9.7117891e+00', ' 2.2888077e+00', ' 3.0095335e+01', ' 2.3815770e+01', '-2.6390418e+00', '-1.3062605e+01', '-1.6432474e+01', ' 1.2610763e+01', ' 7.7416605e+00', ' 2.4392627e+01', '-2.0936824e+01', '-1.5053454e+01', '-2.1235248e+01', ' 1.1810743e+01', ' 3.0080522e+01', '-1.4673621e+01', ' 5.7246701e+00', ' 7.5404936e+00', ' 1.7000576e+01', '-7.0593256e+00', '-1.8017047e+01', '-3.0668009e+01', ' 2.4633177e+01', '-1.7667495e+01', ' 1.8770613e+01', '-1.6115502e+01', '-2.3887389e+01', '-9.2330519e+00', ' 5.5392821e-01', '-1.8499848e+01', '-2.3860696e+01', '-3.4022750e+00', '-7.6254486e+00', ' 1.2625647e+01', '-2.0052871e+01', ' 5.8208628e+00', '-2.2571743e+01', '-1.5920784e+01', '-1.7869443e+01', '-1.1519680e+01', ' 1.4036054e+01', ' 1.1521204e+01', '-8.8660157e+00', ' 9.1573308e+00', '-2.3578489e+01', '-8.6338737e-01', '-1.4432053e+01', '-1.4739610e+01', ' 1.4653365e+01', '-3.7077106e+00', ' 2.6464691e+00', '-1.6300609e+01', '-5.3998424e-01', '-1.6178020e+01', ' 1.5190329e+01', '-1.6955389e+01', ' 2.1143904e+01', ' 4.2631588e+00', '-1.0869581e+00', ' 1.6842790e+01', ' 2.0268697e+01', '-2.5593111e+00', '-1.6614414e+01', '-1.2316365e+01', '-1.2729057e+01', '-2.4918864e+01', ' 2.0056392e+00', ' 4.3146719e+00', ' 1.0293751e+01', '-1.1588024e+01', '-1.4943089e+01', '-2.8307385e+01', '-1.5341535e+01', ' 1.7693335e+01', ' 1.2290783e+01', '-2.0641577e+01', ' 2.2035286e+00', '-5.2608979e+00', '-1.7841651e+01']
['-1.9558276e+01', ' 2.4449514e+01', ' 2.5977986e+01', ' 1.4445087e+01', ' 0.0000000e+00', ' 3.2261913e+01', ' 2.0906544e+01', '-2.2092879e+01', ' 1.3162452e+01', '-7.2608629e+00', ' 9.9223027e+00', ' 2.1236654e+01', ' 3.2527425e+01', ' 1.3229753e+01', ' 3.0496292e+01', ' 2.7181518e+01', ' 1.6482402e+00', ' 1.9320074e+01', '-6.5852812e+00', '-3.8972849e+00', '-3.0909892e+01', '-4.8840760e+00', '-3.7952743e+00', '-2.1866115e+01', '-7.9442370e+00', '-2.2728736e+01', '-2.4795926e+01', '-3.4639266e-01', ' 2.5551941e+01', '-1.4877429e+01', ' 1.4910853e+01', '-1.4485568e+01', ' 2.1471735e+01', ' 1.0069644e+01', '-1.1324970e+01', '-5.6176559e+00', ' 4.5233339e+00', ' 2.9858374e+01', ' 6.5030216e+00', ' 1.4377094e+01', '-1.0770609e+01', '-1.8420991e+01', '-8.2588734e+00', '-1.8647631e+01', ' 1.8231412e+01', '-1.3825808e+01', '-2.1789544e+01', '-2.4459177e+01', '-5.2584439e+00', ' 2.1637717e+01', ' 2.9638795e+01', '-4.4658163e+00', ' 5.2674886e+00', '-1.9851847e+01', '-1.3863198e+00', ' 2.8478627e+01', '-1.5599141e+01', '-1.4222281e+01', '-3.3422171e+00', ' 1.1426422e+01', ' 1.9659578e+01', ' 1.7920368e+01', '-1.7517455e+01', '-1.1840687e+01', ' 1.6456989e+01', ' 7.4589123e+00', ' 2.2606251e+01', '-8.8218051e+00', '-1.7791993e+00', '-1.7065576e+01', '-7.1786803e+00', '-1.3934592e+00', ' 2.4741885e+01', '-6.2580347e+00', ' 1.8542795e+00', '-7.7418151e-01', '-6.6373490e+00', ' 2.2611559e+01', ' 3.9819280e+00', ' 5.0799045e+00', ' 5.5752912e+00', ' 1.4217365e+01', '-2.6746527e+01', ' 2.4380612e+01', ' 1.0522474e+01', ' 8.7601936e+00', '-3.1493682e+00', '-1.8052809e+01', '-5.2548327e+00', ' 1.0865560e+01', '-6.4918098e+00', ' 1.3519187e+01', '-1.6301605e+01', ' 7.6605086e+00', ' 1.5285016e+01', '-1.8462441e+01', ' 1.8618248e+01', '-1.3127778e+00', '-2.1250007e+00', '-3.7879172e+00']
['-2.6100865e+01', ' 2.5612268e+01', ' 2.8622776e+01', ' 3.6676927e+00', ' 3.2261913e+01', ' 0.0000000e+00', ' 2.3424365e+01', '-2.6658009e+01', ' 2.0036028e+01', ' 1.3294475e+01', ' 1.9653525e+01', ' 1.2585726e+01', '-1.6352655e+01', ' 1.3677604e+01', ' 1.1005592e+01', '-9.7189264e+00', ' 2.0153086e+01', ' 1.7644318e+01', '-4.5146919e+00', ' 1.8231126e+01', ' 8.2263739e+00', ' 1.1154393e+01', '-7.1421752e+00', ' 2.3794424e+01', ' 7.4886553e+00', '-8.5669371e+00', '-2.3122702e+01', '-2.5979258e+00', ' 2.1735319e+00', ' 5.5925270e+00', ' 1.6631265e+01', ' 1.3709051e+01', '-1.5142762e+01', ' 1.5824590e+01', ' 3.3886027e+00', '-1.5089351e+01', '-1.0080087e+01', ' 1.5977572e+01', ' 8.2696024e+00', ' 1.4815858e+01', ' 9.6428646e+00', ' 1.0973953e+01', '-2.5519381e+01', '-1.6321230e+01', '-8.2210773e+00', ' 1.1284063e+01', ' 4.0683340e+00', '-1.4546673e+01', ' 2.0584466e+01', ' 5.0742783e-01', '-2.7058910e+01', ' 2.2820121e+01', '-1.2709294e+01', '-1.0423644e+01', '-3.3715604e+00', '-1.9658354e+01', '-6.5430423e+00', '-2.0862951e+00', ' 6.5241317e+00', '-4.0487780e-01', ' 2.0397170e+01', ' 6.9903914e+00', '-5.6139767e+00', '-2.5092047e+01', '-2.0483249e+01', '-1.7871247e+01', ' 1.7879577e+01', ' 7.3490901e+00', ' 2.5327330e+01', '-2.6656858e+00', ' 1.0378709e+01', '-9.3001692e+00', ' 2.1700489e+01', ' 8.1508767e-01', ' 2.6056871e+01', '-2.1978344e+01', '-9.0705405e+00', ' 6.6328157e+00', '-1.0701339e+01', ' 1.7838808e+01', ' 7.5463706e+00', '-6.2079164e+00', '-1.9630792e+01', ' 1.0780376e+01', ' 1.8109070e+01', '-2.0469348e+01', ' 7.6843268e+00', '-8.1446863e+00', ' 1.0694032e+01', ' 2.5018636e+01', ' 1.6872906e+01', ' 2.7390480e+01', ' 1.5247820e+01', ' 2.3168377e+01', '-1.8803898e+01', '-4.7201849e+00', ' 1.6141259e+01', '-4.1488504e+00', ' 2.1003244e+01', '-1.7083605e+01']
['-1.8511861e+01', ' 3.3424296e+01', '-2.3667918e+01', '-2.4139791e+01', ' 2.0906544e+01', ' 2.3424365e+01', ' 0.0000000e+00', '-3.4648732e+00', ' 3.2888270e+01', ' 2.1976440e+01', '-1.3098212e+01', ' 2.3668618e+01', ' 2.9387024e+01', ' 3.4151072e+01', '-1.3858551e-01', ' 2.6647905e+01', ' 2.0245750e+01', '-1.6009234e+00', ' 1.6427877e+00', ' 4.9961963e+00', ' 2.0062631e+01', ' 4.0519377e+00', '-8.8642897e+00', ' 1.8147373e+01', ' 1.6512937e+01', '-1.6353867e+01', '-6.4587077e+00', '-7.0675217e+00', '-8.7642615e+00', ' 5.1295787e+00', '-5.5015041e+00', ' 1.2473394e+01', '-1.2241705e+01', ' 1.8113201e+00', ' 2.0930779e+01', '-2.1074187e+01', ' 5.1369456e-01', ' 1.9440529e+01', ' 2.8444141e+00', '-6.7001326e+00', ' 2.1419230e+00', ' 3.8882282e+00', '-1.2900264e+01', '-1.7601372e+01', ' 3.6254500e+00', '-1.7469637e+00', '-1.1228798e+01', ' 2.8651545e+01', ' 6.4414757e+00', '-1.3157512e+01', '-2.1924036e+01', ' 9.4624761e+00', '-1.4802150e+01', '-1.6156600e+01', ' 1.3383812e+01', '-1.7067768e+01', '-2.1982251e-01', ' 3.4955226e+00', '-5.1733492e+00', '-1.8272981e+01', ' 1.3908675e+01', ' 5.6813720e+00', ' 5.0540808e+00', '-1.3940720e+01', '-2.5327916e+01', '-2.3222548e+01', '-1.0884766e+01', ' 8.9141348e+00', '-3.6386381e+00', '-1.2745573e+01', ' 8.0431644e-01', '-2.8508037e+01', '-1.4484540e+01', '-2.6092462e+00', '-1.3899282e+01', ' 1.4396904e+00', '-4.1416247e+00', ' 1.5538415e+00', ' 7.8486806e+00', ' 1.4483792e+01', ' 4.5106720e+00', '-8.8784612e+00', '-3.6591430e+00', '-4.3152212e-02', '-2.2453767e+01', '-6.3597101e+00', '-1.7845392e+01', ' 1.1675505e+01', ' 1.1206534e+01', '-1.2788922e+01', ' 2.5219257e+01', '-7.8269889e+00', '-3.5252609e+00', '-6.0085715e+00', '-1.8902622e+01', ' 5.9963655e+00', '-5.5977715e+00', '-3.7742112e+00', '-2.2335601e+01', ' 1.0414212e+01']
['-4.9896885e-01', ' 3.5059445e+00', ' 2.6557326e+01', ' 2.4116653e+00', '-2.2092879e+01', '-2.6658009e+01', '-3.4648732e+00', ' 0.0000000e+00', ' 1.0433554e+01', ' 2.4761896e+01', '-1.3304486e+00', ' 4.9425157e+00', '-1.0479939e+01', ' 2.0543946e+01', '-1.6493098e+01', '-1.2333528e+01', ' 1.2092270e+01', '-1.9752827e+00', ' 8.6724400e-01', '-2.1261796e+01', '-3.8285935e+00', '-3.1840566e+01', '-2.3962022e+01', ' 1.5151183e+01', ' 4.7228249e+00', ' 4.7171981e+00', ' 3.1421430e+01', '-2.0432137e+01', '-8.4801427e+00', ' 1.2503483e+01', '-5.8459791e+00', '-1.9935818e+01', ' 1.1651135e+01', '-2.5450567e+01', ' 1.9050152e+01', ' 9.8379467e+00', ' 9.5078227e-01', ' 2.0166984e+01', ' 1.5421314e+01', ' 2.5574561e+00', '-1.3032102e+01', '-1.3911428e+01', ' 1.3832314e+01', '-4.2536952e+00', ' 2.4498497e+01', ' 1.5623562e+01', ' 2.0046250e+01', '-7.1264934e-01', '-1.1796461e+01', ' 2.7295131e+01', '-8.1286319e+00', '-1.5961182e+01', '-3.3285926e+00', '-1.3754640e+01', '-7.8539391e+00', ' 2.1816277e+01', '-1.5123503e+01', ' 1.6629180e+01', '-1.9780286e+00', ' 7.4808732e+00', '-1.9588177e+01', ' 1.0403488e+01', ' 7.4991728e-01', ' 1.3505755e+00', ' 7.7037888e+00', '-3.6593633e+00', ' 2.1837107e+01', ' 6.9858084e+00', '-1.7463018e+01', '-1.8005277e+01', ' 3.6244479e+00', '-1.5210824e+01', ' 7.7715799e+00', '-7.5096570e+00', ' 8.6023735e-01', ' 9.6434198e+00', '-2.1163326e+01', '-1.9361494e+01', '-1.2157265e+01', '-1.1639954e+01', '-3.8688539e+00', '-1.0088762e+00', ' 3.5733713e+00', '-1.2027357e+01', '-2.3516698e+01', '-2.6848802e+01', '-1.1421804e+01', '-1.4307965e+01', '-2.3996386e+01', ' 1.1964725e+01', ' 2.1836226e+01', ' 1.9760977e+01', ' 2.4452255e+01', '-2.4248417e+00', '-1.4990395e+01', '-1.4165287e+01', ' 6.2177843e+00', '-1.2210756e+00', '-6.7107685e+00', '-1.8081590e+00']
['-1.6954116e+01', ' 9.0672722e+00', '-2.2182816e+01', ' 1.6086990e+01', ' 1.3162452e+01', ' 2.0036028e+01', ' 3.2888270e+01', ' 1.0433554e+01', ' 0.0000000e+00', ' 2.6677228e+01', '-4.4945139e+00', ' 2.3078809e+01', ' 2.0845457e+01', ' 1.3056104e+01', '-1.6567611e+01', ' 6.1585246e+00', '-2.3116667e+01', ' 3.5264601e+00', '-2.5507735e+01', ' 8.0840295e+00', ' 1.7302109e+01', ' 1.4905563e+01', ' 2.0344485e+01', '-9.2001264e+00', ' 5.5990932e+00', ' 1.4151896e+01', ' 1.7996116e+01', ' 2.0933529e-02', '-1.5026520e+01', '-1.2485960e+01', ' 2.1380895e+01', '-1.5644879e+01', ' 6.9673845e-02', '-4.7163305e+00', '-5.2323876e+00', ' 1.7503601e+01', '-1.7953573e+01', ' 1.9321353e+01', ' 2.4371356e+01', '-7.2999139e+00', '-1.1677158e+01', '-9.2229148e+00', ' 2.8385376e+01', ' 1.9806996e+01', '-4.3573270e+00', ' 9.1393944e+00', '-2.3994177e+01', '-2.7592450e-01', '-8.2084123e+00', '-9.6766665e+00', ' 7.9630150e+00', '-5.2971737e+00', ' 2.3863113e+01', ' 5.4223242e+00', '-2.6005674e+01', '-1.9533628e+01', '-9.5358578e+00', '-4.9141176e+00', '-1.0471547e+01', '-3.1280708e+00', '-2.4602691e+01', '-4.8622747e+00', ' 1.0065643e+01', ' 1.3239480e+01', ' 4.3532760e+00', ' 2.0268175e+01', ' 1.0509907e+01', '-1.9434674e+01', ' 5.0044598e+00', '-2.2379797e+01', ' 5.1772384e-01', '-2.6574834e+00', ' 1.0978375e+01', '-7.0133520e+00', ' 4.8488118e-01', '-2.0563966e+00', ' 1.1714873e+01', '-1.7878751e+01', '-1.3933826e+01', '-1.5705210e+01', '-1.2155788e+01', ' 2.4263105e-02', ' 1.7576998e+01', '-1.7305998e+01', '-1.3800974e+01', '-2.0072790e+01', '-3.1232862e+00', '-4.7049146e+00', '-1.2337939e+01', '-5.1374095e+00', ' 1.3431677e+01', '-1.9651702e+01', ' 5.9770528e+00', '-4.9006759e-01', ' 8.4347249e+00', '-9.6997668e-01', ' 6.1755332e+00', ' 6.2850894e+00', '-2.4730953e+01', ' 1.2274624e+01']
['-1.6174434e+01', ' 3.2891856e+01', '-2.0371737e+01', ' 2.4255203e+01', '-7.2608629e+00', ' 1.3294475e+01', ' 2.1976440e+01', ' 2.4761896e+01', ' 2.6677228e+01', ' 0.0000000e+00', '-1.6608824e+01', '-2.4423707e+01', ' 1.8392209e+01', ' 2.7510240e+01', '-2.8090467e+00', '-1.4721749e+01', '-2.1296931e+01', '-2.1852342e+01', '-2.1306447e+01', '-6.3860649e-01', '-1.4665792e+01', '-2.5198587e+00', '-1.5657880e+01', ' 2.3775850e+01', '-1.5802859e+01', '-2.6445223e+01', ' 6.4280369e+00', '-2.7990192e+01', ' 2.0123798e+01', ' 6.2699812e+00', '-1.9139987e+01', ' 1.7154234e+01', ' 2.8500929e+01', '-4.1081471e+00', '-1.8448098e+01', '-4.6396286e-01', ' 1.5711897e+01', '-5.0095746e+00', ' 2.2607741e+01', '-6.7080118e+00', ' 2.4154119e+00', '-8.3340897e+00', '-1.8203221e+01', ' 6.2622820e+00', ' 6.0203772e-01', ' 2.3090240e+01', '-2.0252206e+01', ' 1.2934587e+01', ' 1.3511704e+01', ' 8.4493302e+00', ' 3.3921768e+00', ' 9.6652806e-01', ' 1.0142821e+00', '-1.5814973e+01', ' 2.8610564e+01', '-2.8253695e+01', ' 3.3065607e+01', '-6.1793517e+00', ' 1.0568417e+01', '-7.1557758e+00', '-1.8336594e+01', '-2.2157132e+01', '-6.9865318e+00', '-4.9521337e+00', '-2.8333477e+01', '-2.6098005e+01', '-1.4449262e+01', ' 1.9884945e+01', '-6.6181538e-01', '-6.0320664e+00', ' 4.3486459e+00', '-5.6992647e+00', '-1.2276531e+01', '-1.4840510e+01', '-2.4783336e+01', ' 5.4493332e+00', '-2.8093739e+01', ' 2.8765126e+00', '-6.4628307e+00', ' 1.1091852e+01', '-1.6443950e+01', ' 1.7651532e+01', ' 9.2307814e+00', '-3.3476686e+01', '-2.5540227e+01', '-7.8923373e+00', '-2.4675606e+01', ' 2.3730093e+01', '-1.4605697e+01', '-5.2736102e+00', '-1.8869134e+00', '-2.4510051e+01', '-5.0529545e+00', '-6.7538858e+00', '-1.9982023e+01', '-1.1528207e+01', '-2.8699890e+01', '-1.8599133e+01', '-7.6469303e+00', '-2.4022676e+01']
['-6.7818098e+00', '-6.3126081e+00', ' 3.0773219e+01', ' 4.0649980e+00', ' 9.9223027e+00', ' 1.9653525e+01', '-1.3098212e+01', '-1.3304486e+00', '-4.4945139e+00', '-1.6608824e+01', ' 0.0000000e+00', ' 2.0772464e+01', '-2.0850055e+01', '-1.8050428e+01', ' 1.1562686e+01', ' 1.3989565e+01', ' 1.2763805e+01', ' 8.9642115e-01', '-6.7533887e-01', ' 9.6444761e+00', '-3.1600826e+01', '-1.4741838e+01', ' 2.2482813e+01', '-1.6524979e+01', ' 2.5094660e+00', ' 1.9879001e+01', '-3.9259957e+00', '-1.3908558e+01', ' 2.7552378e+01', '-1.1335053e+01', ' 1.8940186e+00', ' 2.7411601e+01', '-4.1574232e+00', '-9.1224133e+00', '-9.3485679e+00', '-1.9174938e+01', '-2.6182809e+00', '-2.2543391e+01', ' 1.5813600e+01', ' 2.8153721e+01', '-1.8272313e+01', '-1.9572399e+01', ' 1.5866597e+01', ' 2.7714345e+01', '-6.0975032e+00', '-4.3150717e+00', '-2.4609869e+01', ' 2.5104651e+01', '-1.7512388e+01', ' 6.2759320e+00', ' 1.0517728e+01', ' 1.2293023e+01', ' 1.2258447e+00', ' 1.7083335e+01', ' 1.7687692e+01', ' 2.2197277e+01', ' 2.4265455e+01', ' 2.0669745e+01', ' 1.3240629e+01', ' 2.7510962e+01', ' 2.6384649e+01', ' 7.2323437e-01', '-8.8013645e+00', ' 6.4940091e+00', ' 2.1777856e+00', ' 1.0763581e+01', ' 1.5199879e+01', ' 1.1707202e+01', ' 1.1635106e+00', '-3.9272691e+00', '-1.9357933e+01', '-1.8407921e+00', ' 2.8140110e+01', '-4.1232718e+00', ' 2.8558223e+01', '-1.6254114e+01', '-1.6465198e+01', ' 8.4728200e+00', '-1.7874202e+01', '-1.6149933e+01', '-9.2200648e+00', ' 1.2798039e+01', '-2.3213163e+01', '-4.3017648e+00', ' 1.1431487e+01', ' 2.0259131e+00', ' 1.2064768e+01', ' 2.1180039e+00', ' 7.0770816e+00', '-2.2062350e+01', ' 6.0981888e+00', ' 2.2182759e+01', '-1.9841959e+01', '-9.8806376e+00', '-1.9581860e+01', ' 1.3719481e+01', '-6.2050948e+00', '-1.0099898e+01', '-7.4278839e+00', ' 1.7776113e+00']
['3.3549935e+00', ' 2.7893085e+01', ' 2.1556704e+01', ' 1.8366565e+01', ' 2.1236654e+01', ' 1.2585726e+01', ' 2.3668618e+01', ' 4.9425157e+00', ' 2.3078809e+01', '-2.4423707e+01', ' 2.0772464e+01', ' 0.0000000e+00', '-1.9415277e+01', ' 2.5738010e+01', ' 7.1083381e+00', '-2.6275701e+01', '-2.2337913e+01', ' 1.4038648e+01', ' 1.3762856e+01', '-1.4446385e+00', '-2.5958462e+01', '-2.1373402e+01', '-2.8155860e+01', ' 1.7898187e+01', ' 2.2424579e+01', '-3.5397151e+00', '-1.0993322e+01', '-1.9788140e+00', ' 9.4836814e+00', '-1.0706020e+00', ' 1.6568404e+01', '-1.1417596e+01', ' 2.4997262e+01', '-1.3974084e+01', ' 1.0571703e+01', ' 2.0662860e+01', ' 8.7249867e+00', '-2.9824686e+01', '-1.1320972e+01', '-7.4173624e+00', ' 1.5153135e+00', '-5.3552352e+00', '-1.9347947e+01', ' 3.3869325e+00', '-6.1362962e+00', '-5.1214243e+00', ' 4.0804538e+00', '-1.6555261e+01', ' 1.8618985e+01', '-1.9712467e+01', '-4.9132636e+00', '-2.0427064e+00', ' 1.7083897e+01', ' 1.3404046e+01', ' 9.1967404e+00', ' 2.7631774e+01', ' 1.4496404e+01', '-2.1377560e+01', ' 6.1874695e+00', '-1.3152622e+01', ' 1.4315287e+01', '-1.2901194e+01', '-8.4840616e+00', '-1.4560943e+01', ' 6.1882333e+00', '-1.2237342e+01', ' 1.1091404e+01', ' 8.1113416e+00', '-1.9982003e+01', ' 1.7458459e+01', '-6.3792262e+00', ' 1.8112373e+01', ' 1.2159660e+01', '-1.1615597e+01', '-2.3844695e+01', '-5.0512718e+00', ' 1.7231160e+01', ' 1.9826255e+01', '-8.8670724e-03', ' 7.3033151e+00', ' 1.9839419e+01', ' 6.7311979e+00', '-6.2408899e+00', '-1.2123876e+01', ' 1.6770077e+01', ' 1.5947558e+01', '-2.5080950e+00', '-2.4673537e+00', '-4.0946566e+00', ' 1.5502648e+01', '-1.9632435e+01', '-1.2315627e+00', ' 3.9681423e+00', '-1.5102692e+01', '-1.0330893e+01', ' 3.6326804e+00', '-8.0279247e+00', '-1.6468433e+01', ' 2.7022954e+01', '-2.9790865e+01']
['1.8039066e+01', '-8.9108964e+00', ' 1.7717735e+01', ' 7.1611316e+00', ' 3.2527425e+01', '-1.6352655e+01', ' 2.9387024e+01', '-1.0479939e+01', ' 2.0845457e+01', ' 1.8392209e+01', '-2.0850055e+01', '-1.9415277e+01', ' 0.0000000e+00', ' 2.5612085e+01', '-2.2253458e+01', ' 3.5856319e+01', '-1.2913804e+01', ' 4.5112953e+00', '-2.6607416e+01', ' 1.3432533e+01', '-1.2987061e+01', '-5.2891095e+00', '-1.1534123e+01', '-7.8875707e+00', ' 1.0058637e+01', ' 1.7501002e+01', '-2.7246887e+00', ' 6.9567484e+00', ' 2.5154880e+01', '-1.3190572e+01', ' 4.1110511e-01', '-1.3680389e+01', '-8.1404962e+00', '-1.5594717e+01', '-1.8784564e+01', '-2.0309296e+01', ' 1.5400504e+01', '-2.0908845e+01', '-1.8523212e+01', ' 2.6768050e+01', ' 1.4390482e+01', ' 1.5123471e+01', ' 1.4280774e+01', ' 2.6356496e+01', ' 1.0350248e+01', '-1.1274629e+01', ' 2.3250884e+01', ' 2.8213547e+01', '-7.4564251e+00', ' 1.3588393e+01', '-1.4420234e+01', '-1.3780275e+01', '-1.1833213e+01', ' 1.5897760e+01', ' 1.3243490e+01', '-1.5840262e+01', ' 1.8007655e+01', '-2.1405130e+00', ' 1.4706121e+01', '-1.9035876e+01', ' 7.8145196e+00', '-2.2974573e+01', ' 9.5765393e+00', ' 4.6706653e+00', '-5.3479364e+00', '-1.0226831e+01', '-1.4162603e+00', ' 8.8512267e+00', '-7.9749187e+00', '-1.0792908e+01', ' 6.1353446e+00', '-8.5707092e-01', '-9.0810592e+00', '-4.9072142e+00', ' 2.4099658e+01', '-1.6457668e+00', ' 9.0244063e+00', '-2.2023130e+01', ' 9.4596097e+00', ' 6.1792577e+00', ' 2.2213725e+01', ' 1.5053860e+01', '-1.1537642e+01', '-2.2345997e+01', ' 3.3163080e+00', '-3.5699091e+00', '-2.3210568e+01', ' 1.3183643e+01', ' 1.3628871e+01', '-4.3165539e+00', '-2.8554965e+00', ' 1.0433758e+01', ' 1.1428140e+01', '-1.6520955e+01', '-1.8370166e+01', '-1.4909175e+01', '-7.1584712e+00', '-1.1327101e+01', ' 1.8292185e+01', ' 7.0857009e+00']
['-1.9683229e+01', ' 1.5499572e+01', '-1.2150432e+01', ' 9.1076003e-01', ' 1.3229753e+01', ' 1.3677604e+01', ' 3.4151072e+01', ' 2.0543946e+01', ' 1.3056104e+01', ' 2.7510240e+01', '-1.8050428e+01', ' 2.5738010e+01', ' 2.5612085e+01', ' 0.0000000e+00', '-2.7615502e+01', '-1.5943482e+01', '-2.4507168e+01', ' 2.4123079e+01', '-4.2229806e+00', '-1.8335654e+01', ' 1.5120984e+01', ' 2.5580400e-01', ' 2.2200648e+01', '-1.5581589e+01', ' 1.2270998e+01', '-3.7303059e+00', ' 1.8432997e+01', '-7.6644560e+00', '-1.6702669e+01', ' 2.6295416e+01', ' 7.2069287e+00', ' 1.4771181e+01', '-2.3586081e+01', '-6.4596116e+00', '-3.7120022e+00', ' 1.4935915e+01', ' 4.6218367e+00', ' 1.0255830e+01', '-4.8361591e+00', '-6.4550894e+00', '-1.3677331e+00', '-1.7505228e+01', ' 1.7596132e+01', ' 2.2991264e+01', '-4.0320894e+00', ' 1.7949167e+01', ' 3.1681038e+01', ' 5.5113281e+00', '-1.9964338e+01', '-1.3711007e+01', '-1.0255169e+01', '-1.1654201e+01', '-1.5572887e+01', '-1.3531112e+01', ' 8.2927946e+00', '-1.3601049e+01', ' 2.0325246e+01', '-2.5526538e-01', '-1.9185864e+01', ' 4.8797394e+00', '-2.3848113e+01', '-1.4425719e+01', ' 1.6508314e+01', ' 1.3860179e+01', ' 1.1027471e+01', '-2.3716016e+00', '-2.3640064e+01', '-7.6515335e+00', ' 6.5257877e+00', ' 1.4818245e+01', ' 8.8158145e-01', ' 2.9394754e-01', '-2.2530937e+01', '-1.2189275e+00', ' 2.3279320e+01', ' 1.4480892e+01', '-9.4837692e+00', '-4.9884212e+00', '-1.9217032e+01', '-2.0108104e+01', '-1.6362223e+01', ' 2.3849556e+01', ' 2.2449111e+01', '-2.6519294e+01', '-9.1453505e+00', '-2.2918701e+01', '-2.6028382e+00', ' 9.6976710e+00', ' 1.1250275e+01', '-2.1655759e+01', '-1.2016076e+01', '-8.0538739e+00', '-1.2698093e+01', ' 6.9996259e+00', ' 2.6030337e+01', '-4.9491851e+00', '-7.5112110e+00', ' 2.5827970e+00', ' 1.3883503e+01', '-8.8485829e+00']
['-1.8339842e+01', '-1.2552337e+01', '-2.1809935e+01', ' 1.6139857e+01', ' 3.0496292e+01', ' 1.1005592e+01', '-1.3858551e-01', '-1.6493098e+01', '-1.6567611e+01', '-2.8090467e+00', ' 1.1562686e+01', ' 7.1083381e+00', '-2.2253458e+01', '-2.7615502e+01', ' 0.0000000e+00', ' 1.8483129e+01', ' 2.3567034e+01', '-2.4152371e+00', '-2.0701838e+01', ' 6.3531821e+00', ' 2.1443320e+01', ' 2.4374356e+01', '-2.5949817e+01', ' 2.9580443e+01', '-6.4854210e+00', '-1.9617162e+01', ' 1.9355315e+01', ' 2.7917878e+00', '-6.8483334e+00', '-3.0905962e+01', '-1.2511518e+00', '-2.0729192e+01', ' 2.3708004e+01', ' 3.7652422e+00', ' 2.2074420e+01', ' 3.2395932e+01', ' 2.2131453e+01', ' 1.8085056e+01', '-2.6020735e+01', ' 1.4184453e+01', ' 2.6097815e+01', ' 1.0607238e+01', ' 3.4553341e+00', '-2.6327079e+01', '-2.2201597e+01', '-1.9874634e+01', ' 3.2491991e+01', ' 8.0164885e+00', ' 8.6816756e+00', '-2.4607990e+00', ' 4.9135177e+00', ' 2.4755531e+01', '-2.0888864e-01', '-1.5408623e+01', ' 4.8288338e+00', ' 1.7080359e+01', '-2.7727415e+01', ' 2.4682692e+01', '-4.3670242e+00', '-1.8043993e+01', '-2.0300428e+00', ' 1.9904062e+01', '-2.4015340e+01', ' 2.5869847e+01', ' 2.6392488e+01', ' 2.2741005e+01', ' 1.6281141e+01', ' 1.3141218e+01', '-1.2102522e+01', '-2.4228569e+01', ' 1.8515704e+01', '-1.3290404e+01', ' 7.3606539e+00', '-5.5155476e+00', ' 2.2142887e+01', ' 1.3112709e+01', ' 1.8522977e+01', '-1.5331989e+01', ' 2.0078118e+01', ' 1.0241832e+01', ' 8.8325998e+00', '-3.2716890e+00', ' 2.1577971e+01', '-2.3044521e+01', ' 9.6522157e+00', '-1.9012144e+01', '-2.1235736e+01', '-2.0907648e+01', '-1.3849809e+01', '-2.3128016e+00', ' 1.3955622e+01', '-2.1723472e+00', '-1.6041460e+01', '-4.6737684e+00', ' 2.0675141e+01', ' 1.0543857e+01', '-6.3339675e+00', ' 1.4979628e+01', '-2.1199506e+01', ' 2.1924634e+01']
['9.3797252e+00', ' 5.4908519e+00', ' 1.8303727e+00', ' 8.1731680e+00', ' 2.7181518e+01', '-9.7189264e+00', ' 2.6647905e+01', '-1.2333528e+01', ' 6.1585246e+00', '-1.4721749e+01', ' 1.3989565e+01', '-2.6275701e+01', ' 3.5856319e+01', '-1.5943482e+01', ' 1.8483129e+01', ' 0.0000000e+00', '-6.7236763e+00', ' 1.8677586e+01', ' 1.6480879e+01', '-1.8113597e+01', ' 1.0759960e+00', '-2.5950604e+01', '-1.7265847e+01', '-3.0553529e+01', ' 1.9004369e+01', '-2.2441030e+01', '-2.8275554e+00', '-1.0456864e+01', ' 6.1964878e+00', '-1.4517656e+01', ' 2.1312412e+01', ' 1.7280162e+01', ' 2.6627005e+01', '-1.8632202e+01', '-1.8706652e+01', '-2.8122483e+01', '-1.1213775e+01', ' 2.2144033e+01', '-7.9295882e-01', ' 9.6194595e+00', '-1.3977863e+01', ' 2.0078017e+01', '-1.4976012e+01', ' 2.2696056e+01', ' 6.4377924e+00', ' 2.3478617e+00', '-2.8031882e+01', ' 8.8577131e+00', '-8.9104963e+00', ' 7.1243009e+00', ' 3.3324889e+01', ' 2.8930461e+01', '-9.5380041e+00', '-1.3234069e+01', ' 1.3656753e+00', ' 2.6875440e+01', ' 2.6468396e+01', '-9.0465085e+00', '-8.2445568e+00', ' 2.8431930e+01', '-2.5465059e+01', '-4.1398377e+00', ' 5.4819691e-01', '-1.7674850e+00', '-4.6762267e+00', '-8.2409361e+00', '-2.4773166e+01', '-8.9453357e+00', '-1.6663099e+01', ' 1.5766794e+01', ' 1.3572637e+01', ' 2.0674255e+01', ' 1.6117497e+01', '-7.0840670e+00', '-2.3245303e+01', '-1.2942733e+01', ' 6.6946722e+00', ' 1.9576513e+01', '-1.5571572e+01', '-3.1969351e-01', '-3.0020112e+01', ' 3.0265334e+00', ' 1.6307732e+01', '-6.1718496e+00', ' 7.2081776e+00', ' 1.2651671e+01', ' 1.4448015e+01', '-2.6346603e+00', '-1.0969633e+01', ' 2.5470017e+00', '-2.2312090e+01', '-1.5369886e+01', ' 1.5848428e+01', '-1.7398249e+01', '-9.6366058e+00', '-2.5760182e+01', ' 5.4159333e+00', '-4.9179999e+00', '-1.7272181e+01', '-1.3352726e+01']
['-4.5513085e+00', '-2.5242485e+00', '-2.0280401e+01', '-2.2354323e+01', ' 1.6482402e+00', ' 2.0153086e+01', ' 2.0245750e+01', ' 1.2092270e+01', '-2.3116667e+01', '-2.1296931e+01', ' 1.2763805e+01', '-2.2337913e+01', '-1.2913804e+01', '-2.4507168e+01', ' 2.3567034e+01', '-6.7236763e+00', ' 0.0000000e+00', ' 1.6783151e+00', ' 2.6967073e+01', '-2.4567932e+01', ' 1.2379214e+01', ' 2.3041601e+01', ' 1.1784299e+01', '-2.3306751e+01', ' 7.5429754e+00', '-2.1566019e+00', ' 1.8108779e+01', '-2.7218574e+01', ' 2.3635740e+01', ' 2.1571157e+01', ' 1.0121987e+01', '-8.5127052e+00', '-2.8189180e+01', ' 2.1205326e+01', '-1.0907827e+01', ' 2.2491328e+01', '-9.9828765e+00', ' 3.4386673e+00', ' 2.2981781e+01', '-9.4149861e+00', '-9.0807607e+00', ' 4.1301351e+00', '-2.3062036e+01', ' 3.2584901e+01', ' 9.2117452e+00', '-1.7399032e+01', '-2.4267199e+01', ' 1.7402426e+01', '-1.2173081e+01', ' 1.7226417e+01', '-1.4010596e+01', '-4.1416804e+00', '-1.0813298e+01', ' 6.4369982e+00', ' 1.6246244e+00', ' 5.6877864e-01', ' 1.6607557e+01', ' 2.7967808e+01', ' 2.0876589e+00', '-1.2779660e+01', '-2.6675926e+01', ' 1.7197389e+00', '-6.0627959e+00', '-1.6471280e+01', '-3.8255513e+00', '-2.0168365e+01', ' 1.6580414e+01', '-2.4568823e+00', '-3.3447347e+00', '-1.5977492e+00', '-1.1421403e+01', '-2.4544052e+01', '-1.5868297e+01', '-9.8129523e+00', ' 1.0612522e+01', ' 4.8327643e+00', '-1.6822377e+01', ' 2.9103740e+00', '-1.3816317e+01', '-1.3013477e+01', '-1.9552658e+01', '-1.7529719e+01', ' 2.2803815e+01', '-4.7358293e+00', '-1.2515037e+01', '-2.3944977e+01', ' 2.5381380e+00', '-6.9110817e+00', '-4.4462821e+00', ' 9.3934041e-01', ' 2.0171769e+01', ' 2.4631498e+01', ' 1.9756729e+01', '-1.8997877e+01', ' 1.7280970e+01', '-2.3073681e+01', '-1.4221686e+01', '-8.5734122e+00', ' 4.6226415e-01', '-1.6447566e+01']
['2.7160444e+01', '-1.3326745e+01', ' 4.4580763e+00', ' 3.1449871e+01', ' 1.9320074e+01', ' 1.7644318e+01', '-1.6009234e+00', '-1.9752827e+00', ' 3.5264601e+00', '-2.1852342e+01', ' 8.9642115e-01', ' 1.4038648e+01', ' 4.5112953e+00', ' 2.4123079e+01', '-2.4152371e+00', ' 1.8677586e+01', ' 1.6783151e+00', ' 0.0000000e+00', ' 6.6429931e+00', ' 7.1950000e+00', '-6.4342921e-02', ' 9.4525055e+00', ' 2.6038467e+00', '-5.2032503e+00', ' 1.6892428e+01', ' 4.0488198e-01', '-2.2582935e+01', '-7.5556841e+00', '-9.2531677e+00', '-2.8639582e+00', ' 7.8801186e+00', ' 7.1788869e+00', '-1.6290268e+01', ' 4.3211095e+00', '-7.1196080e+00', '-1.9013672e+01', '-3.1766054e+00', ' 1.1524085e+01', ' 1.3426651e+01', ' 8.6872839e+00', ' 4.0682396e+00', '-8.7978299e+00', '-1.0005559e+01', '-1.6053636e+01', '-5.6706683e+00', ' 4.0166147e+00', '-1.7597701e+00', '-9.2260384e+00', ' 1.2612063e+01', ' 3.5571788e+00', '-8.7841896e+00', ' 6.4716157e+00', '-4.5270968e-01', '-4.9076453e+00', ' 3.1820089e+00', '-4.3314772e+00', ' 5.7628793e-01', ' 7.8515845e+00', ' 1.9185467e-01', '-1.1231513e+01', ' 8.8943820e+00', '-1.2528967e+00', ' 1.4423255e+01', '-1.4128910e+00', '-2.4281168e+00', '-9.1808269e+00', ' 1.1466105e+01', ' 1.4966228e+01', ' 9.3638046e+00', ' 1.8927590e+00', ' 3.0912822e+00', '-1.5030375e+01', ' 1.6266215e+01', '-4.2719412e-01', ' 6.4688904e+00', '-1.6158516e+01', '-1.1888445e+01', ' 7.5353167e+00', '-9.1209137e+00', ' 6.7628827e+00', '-2.5195303e+01', '-5.6852335e+00', '-9.7895230e+00', ' 1.6399855e+01', ' 1.1590681e+01', ' 8.1014688e+00', ' 1.8959286e+01', ' 8.4058672e+00', '-4.9339655e+00', ' 5.0801821e+00', ' 5.1615229e+00', ' 1.0570956e+01', ' 6.8699488e+00', ' 8.0389496e+00', '-1.0739626e+01', '-1.2046923e+01', '-1.0092802e+01', '-3.1786711e+00', '-5.1262041e+00', ' 3.9701311e+00']
['-9.6700733e+00', ' 7.3811603e+00', '-1.7333292e+01', '-1.8295282e+01', '-6.5852812e+00', '-4.5146919e+00', ' 1.6427877e+00', ' 8.6724400e-01', '-2.5507735e+01', '-2.1306447e+01', '-6.7533887e-01', ' 1.3762856e+01', '-2.6607416e+01', '-4.2229806e+00', '-2.0701838e+01', ' 1.6480879e+01', ' 2.6967073e+01', ' 6.6429931e+00', ' 0.0000000e+00', '-1.9233699e+01', '-1.4574936e+01', ' 4.9935916e+00', ' 1.4774648e+01', ' 2.8176587e+01', '-2.4723831e+00', '-7.0882430e+00', '-2.5392734e+01', '-2.2155052e+01', ' 2.9292323e+01', '-1.7740672e+01', '-3.5783021e+00', '-9.6493031e+00', ' 7.0197811e+00', ' 1.4079140e+01', '-2.3058003e+01', ' 8.0209780e+00', '-4.7799204e-01', '-1.5439588e+01', '-2.1367782e+01', ' 3.1404740e+01', ' 1.3629317e+01', ' 2.6608441e+00', ' 3.0733225e+01', ' 1.5785117e+01', '-1.9923325e+01', '-3.1771426e+00', ' 1.0619074e+01', ' 7.2278620e-01', '-1.2379586e+01', '-4.0412317e+00', ' 5.5095485e+00', ' 2.0025315e+01', ' 2.8223122e+01', '-1.7975187e+01', '-8.3384140e+00', ' 2.4933922e+01', ' 2.6873612e+01', ' 2.6897268e+01', ' 1.2338566e+01', '-1.5765471e+01', ' 2.4370899e+01', ' 6.0133460e+00', '-1.5884885e+01', '-1.7213141e+01', '-3.3176639e+00', ' 5.8720908e+00', ' 9.1001124e+00', '-2.4442495e+01', '-1.0647753e+01', '-1.4617244e+01', '-2.5213547e+00', '-1.7067285e+01', '-1.2661800e+01', '-1.1768616e+01', '-3.0724824e+01', ' 8.4700433e+00', '-1.5283944e+01', ' 2.5060950e+01', '-1.6219292e+01', '-8.6555065e+00', '-1.6946260e+01', '-2.0444661e+01', '-5.9751165e+00', ' 6.0559602e+00', ' 1.9907408e+00', '-2.1029071e+01', '-2.1175757e+01', '-1.5236432e+01', ' 1.0528993e+01', ' 8.3134851e+00', '-8.5846671e+00', ' 1.7344941e+01', '-7.3656745e+00', ' 9.4692105e+00', '-2.9317596e+00', '-2.0100551e+01', '-4.6044812e+00', '-1.2804755e+00', '-1.1997746e+01', '-1.7431613e+01']
['3.4231604e+00', '-1.8884673e+01', ' 1.5965884e+01', ' 4.7645683e+00', '-3.8972849e+00', ' 1.8231126e+01', ' 4.9961963e+00', '-2.1261796e+01', ' 8.0840295e+00', '-6.3860649e-01', ' 9.6444761e+00', '-1.4446385e+00', ' 1.3432533e+01', '-1.8335654e+01', ' 6.3531821e+00', '-1.8113597e+01', '-2.4567932e+01', ' 7.1950000e+00', '-1.9233699e+01', ' 0.0000000e+00', '-5.0345573e+00', ' 7.6506800e+00', ' 2.0560103e+01', ' 1.9985319e+01', ' 6.3874944e+00', '-5.3446789e+00', ' 1.0502356e+01', ' 8.2374268e+00', ' 1.9802538e+00', '-1.5142471e+01', ' 9.1293308e+00', ' 2.8174721e+01', '-9.1245833e+00', ' 1.9347234e+01', '-2.9227211e+01', ' 2.9444104e+01', '-1.1911302e+01', '-1.8941765e+01', ' 9.1647736e+00', ' 2.0574183e+01', '-1.6395368e+01', '-3.1040791e+01', ' 4.4059175e+00', ' 1.8832916e+01', '-1.7533343e+01', '-2.9882021e+01', '-1.6985599e+01', ' 2.4861142e+01', '-1.4924649e+01', ' 4.8218475e+00', ' 1.9404963e+01', '-2.0170175e+01', '-2.0010119e+01', ' 2.1498828e+01', '-1.6911204e+01', '-1.3491996e+01', ' 2.2186735e+01', '-2.9667073e+01', '-1.1768500e+01', ' 1.1025895e+01', '-2.4994913e+00', '-8.0611649e+00', ' 1.8576589e+01', '-2.3877236e+00', ' 4.8998481e+00', ' 9.9500664e+00', ' 4.5014810e+00', '-1.4367212e+01', '-1.3642308e+01', '-2.0762931e+01', ' 1.0380067e+01', '-2.7220033e+01', ' 1.8816464e+01', '-7.5560313e+00', ' 1.6654485e+01', ' 2.0338550e+01', '-1.9712620e+01', '-1.3146058e+01', '-2.2810069e+01', ' 7.1854714e+00', '-1.6226983e+01', '-1.2272415e+01', '-2.0345535e+01', ' 2.3568946e+01', ' 9.5197123e-01', '-2.2992882e+01', ' 2.4770515e+01', '-1.4280763e+01', '-1.5041655e+01', '-1.1128507e+01', ' 2.1505684e+01', ' 7.1688490e+00', '-6.6448965e+00', ' 1.6118434e+01', '-4.2134760e+00', '-6.6172100e+00', ' 6.5783973e+00', '-1.1613639e+01', ' 5.7455813e-02', '-5.9931046e+00']
['1.9441361e+00', '-1.3167962e+01', '-7.9931775e+00', ' 2.2017603e+00', '-3.0909892e+01', ' 8.2263739e+00', ' 2.0062631e+01', '-3.8285935e+00', ' 1.7302109e+01', '-1.4665792e+01', '-3.1600826e+01', '-2.5958462e+01', '-1.2987061e+01', ' 1.5120984e+01', ' 2.1443320e+01', ' 1.0759960e+00', ' 1.2379214e+01', '-6.4342921e-02', '-1.4574936e+01', '-5.0345573e+00', ' 0.0000000e+00', '-1.5569937e+01', '-1.5024797e+01', '-3.3715027e-02', '-7.4454491e-02', ' 5.4325593e+00', '-9.2467498e+00', '-7.6826623e+00', ' 5.4413979e+00', ' 7.9022525e+00', ' 1.0746567e+01', ' 1.5239653e+01', '-7.2459737e+00', ' 1.2957140e-01', ' 2.9559185e+01', ' 2.8687357e+01', ' 2.7831169e+01', '-8.0852115e+00', '-1.5420123e+01', ' 7.9217230e+00', ' 2.9483828e+01', ' 2.1232075e+01', '-3.4025693e+01', ' 7.2984471e+00', ' 1.1973235e+01', '-1.7514701e+01', '-6.8102272e+00', '-2.2405328e+01', ' 4.7063195e+00', ' 1.4885332e+01', ' 2.5160318e+01', ' 1.4957246e+01', ' 1.1945930e+01', ' 5.7716124e+00', ' 8.0859082e-01', '-1.5638228e+01', ' 2.7725755e+01', ' 7.5755647e+00', ' 2.2183355e+01', ' 1.8922760e+01', '-6.2924667e+00', ' 9.1300671e+00', '-2.1932897e-01', '-1.2678008e+01', '-5.5030410e+00', ' 2.1276512e+00', '-1.3931224e+01', '-9.7183721e+00', ' 1.1581985e+00', '-2.0524542e+01', '-8.8042105e-01', ' 2.8595281e+01', '-6.3452531e+00', '-4.6923351e+00', '-2.5207482e+01', '-1.2410340e+01', '-2.0371662e+01', ' 6.7539665e+00', '-1.6699712e+01', ' 1.9624391e+01', '-2.8207579e+01', '-2.1652769e+01', '-2.0930641e+01', '-3.1133658e+01', ' 2.9389485e+00', '-2.4927015e+01', ' 7.1872567e+00', ' 7.5286321e+00', '-4.5506917e+00', ' 1.4679940e+01', '-6.9053645e+00', ' 1.3594316e+01', ' 1.9842618e+01', ' 2.2270919e+01', ' 1.3073274e+01', '-2.1050514e+01', '-1.6619790e+01', '-2.1404258e+01', ' 2.3206330e+01', '-2.6444987e+01']
['-7.9816084e+00', '-1.9876422e+01', ' 1.5484455e+01', ' 9.7117891e+00', '-4.8840760e+00', ' 1.1154393e+01', ' 4.0519377e+00', '-3.1840566e+01', ' 1.4905563e+01', '-2.5198587e+00', '-1.4741838e+01', '-2.1373402e+01', '-5.2891095e+00', ' 2.5580400e-01', ' 2.4374356e+01', '-2.5950604e+01', ' 2.3041601e+01', ' 9.4525055e+00', ' 4.9935916e+00', ' 7.6506800e+00', '-1.5569937e+01', ' 0.0000000e+00', ' 2.7115430e+01', '-1.8628835e+01', ' 1.3078170e+01', '-2.2887306e+01', ' 2.1360568e+01', '-2.6737514e+01', '-1.0019670e+01', '-2.4864802e+01', '-9.8681176e-01', '-1.6789437e+01', ' 2.3077211e+01', ' 1.6609810e+01', '-2.2310621e+01', '-2.8846973e+01', ' 2.3078584e+01', ' 3.9804027e+00', '-2.7705594e+01', '-2.1259386e+01', ' 1.8489766e+01', ' 2.5312830e+01', ' 1.5502718e+01', ' 1.2205811e+01', ' 1.5837124e+00', '-1.7813142e+01', '-2.6477770e+01', '-2.0663258e+01', '-1.6267571e+01', ' 3.0413334e+01', '-1.0473754e+01', '-5.7922966e+00', ' 2.1776955e+01', ' 2.6121776e+01', ' 1.5264318e+01', '-1.0208058e+01', ' 3.0885990e+01', ' 3.8141896e-01', ' 1.3774773e+00', ' 9.0625944e+00', ' 2.3297378e+01', ' 1.1943116e+01', ' 1.6834380e+01', '-1.0800823e+01', '-2.0781383e+00', ' 2.8587096e+01', '-2.2011616e+01', '-2.2995910e+01', ' 4.8877995e+00', ' 6.2030357e+00', '-6.3566524e+00', '-1.6656001e+01', ' 8.7133964e+00', '-1.9587017e+00', '-6.5102832e+00', ' 3.8483402e+00', '-1.7875802e+01', ' 2.2504841e+01', '-1.0704342e+01', '-2.2237614e+01', ' 8.0517646e+00', '-1.3428525e+01', ' 1.3884084e+00', '-1.4490663e+01', '-7.0749779e+00', '-6.5683861e+00', '-2.3806959e+01', ' 2.2472449e+01', '-1.0885799e+01', ' 1.3155919e+01', ' 4.7164983e+00', ' 2.2579465e+01', ' 1.4237393e+01', ' 9.0690291e+00', ' 6.5107503e+00', '-2.6178162e+01', ' 7.5061674e+00', '-1.2044578e-01', ' 1.4966289e+01', '-5.7364611e-01']
