   0.0000000e+00  -5.8845420e+00   1.1692040e+01   3.2713339e+01  -6.9147383e+00  -1.8934769e+01  -1.5405375e+01  -8.0957888e+00  -7.8248988e+00  -1.8101040e+01   4.3047956e-01   1.7567959e+01   8.4990233e+00  -8.8611343e+00   4.8166377e+00   4.4695231e+00  -2.0247296e+01   2.9386458e+01  -1.9837808e+01   1.7528145e+01  -5.4882809e+00  -9.1387084e+00  -1.0701626e+00  -2.5318914e+00   2.3739002e+01   1.1915226e+01  -4.5031508e+00   1.5924445e+01  -1.5353181e+01  -1.2188964e+01   2.3157757e+01   9.9040304e+00  -8.7654430e+00  -1.7274968e+01  -2.4523621e+00   1.9913845e+01   5.1796295e+00  -1.8120265e+01  -1.3198485e+01  -7.2842779e+00  -2.8643771e+00  -6.4838318e+00   2.2854234e+00  -9.3573771e+00  -7.8529121e+00  -7.9250989e+00   1.3560444e+01   8.4096931e+00   1.3549589e+01  -9.5064643e+00   8.9627195e+00   2.0768909e+00   7.3571181e+00   9.9944412e+00   4.8127534e+00   7.5905910e+00  -5.7570597e+00  -2.2141190e+01   6.5951759e+00  -6.3460402e+00   5.4730218e+00  -5.0375499e-01   1.9310534e+01   1.2323168e+01   1.8876200e+01   4.6489486e+00   8.8461096e+00   1.6083121e+00  -3.5309635e+00   6.0297959e+00   6.2184838e+00  -1.8440132e+00   5.0978825e+00  -7.1818362e+00   3.3613766e+00   4.6969893e+00   1.0576687e+01   1.0686191e+01   7.7165918e+00   6.9417912e+00   1.6719083e+01   8.5863060e+00   1.9518567e+00   1.8214645e+01   3.2719695e+00   1.5703727e+01   8.3392875e+00  -5.5846733e+00   2.0937711e+00  -3.3170311e+00  -6.9882049e+00  -5.1219440e+00  -4.6221783e+00  -2.5873706e+00  -5.9424124e+00   9.4244073e+00   9.2357715e+00  -6.2636125e+00   1.4613187e+01   1.0022407e+00
  -5.8845420e+00   0.0000000e+00  -3.2232719e+01  -2.8144498e+00   3.3096645e+01   3.2253030e+01   3.7225305e+01   1.6689537e+01   3.4967858e+01   3.4108068e+01  -8.9487587e-01   2.4952548e+01   2.9964208e+01   3.3790582e+01  -2.9095009e+01   2.8601005e+01   1.9022604e+01   4.7681878e+00   4.5721873e-02   2.0709762e+00  -1.8846209e+01  -2.9051636e+00   9.9554136e+00  -2.5000096e+01   1.5398713e+01  -2.2028220e+01   3.0467436e+01  -1.8764820e+01   2.5756385e+01   1.2092942e+01   6.8274558e+00  -1.3146981e+01   1.9471858e+01   2.4350865e+01  -1.6821759e+01  -1.4698387e+01  -2.7731469e+01   2.1124145e+01   1.4911981e+01  -3.5634812e-01  -2.5525945e+01   4.9050348e-01   1.8430200e+01   1.4675852e+01   2.0583452e+01   8.8596799e+00  -1.1441137e+01   2.2186568e+01  -2.9829230e+01   2.6036434e+01   1.1124520e+01  -2.5073983e+01  -8.8194255e+00   1.5584523e+01  -2.4943088e+01  -2.9396370e+00   2.2272566e+01   5.3461197e+00  -3.1151863e+01  -3.4327926e+00  -2.9113009e+01  -1.6361939e+01  -2.0429718e+01  -2.8669373e+01  -2.4920196e+01  -2.6072810e+01  -1.5924688e+01  -3.1701792e+01  -1.7126831e+01  -7.7092131e+00  -1.8867390e+01   2.7753650e+00  -1.8103585e+01  -1.4446826e+01  -3.0249097e+01  -2.7563377e+01  -1.4037340e+01  -1.5282424e+01  -1.4941059e+01  -1.2793158e+01  -1.8816944e+01   4.3745127e+00  -1.0634713e+01   2.1305483e+01  -1.5064344e+01  -4.0700966e+00   3.8584769e+00  -4.1658718e+00  -1.1245671e+01  -2.1418070e+01   5.1781210e+00  -1.1455357e+01   1.8372688e+00  -1.5330558e+01  -1.5980353e+01  -2.4038266e+01   1.0150909e+00  -2.0028515e+00  -1.4836062e+01   2.9943252e+00
   1.1692040e+01  -3.2232719e+01   0.0000000e+00  -5.1656952e+00  -2.3226587e+01  -1.6473137e+01  -3.0677744e+01  -8.8396353e+00  -3.0198262e+01  -3.4100659e+01   1.8238992e+01   4.2282209e+00  -1.9436380e+01  -2.8772793e+01   2.7404835e+01  -2.6736822e+01  -3.1873316e+01  -2.7456369e+00  -3.1822549e+01   2.0396566e+01   1.1930057e+01  -1.5578831e+01  -1.8525873e+01   1.7318671e+01  -1.0728453e+01   2.9946992e+01  -3.3312275e+01   2.6147758e+01  -3.5249589e+01  -1.1955357e+01  -8.0304698e+00   2.3971666e+01  -2.4244593e+01  -3.1889934e+01   1.6442103e+01   2.8530983e+01   2.5636010e+01  -2.1226028e+01  -1.6226630e+01  -2.1923630e+01   1.1001771e+00   1.6945419e+01  -4.6671237e+00  -3.2683418e+01  -2.2780526e+01  -1.8611418e+01   1.7437392e+01   1.1836434e+01   2.8270008e+01  -3.3617280e+01   1.8127428e+01   1.7914925e+01  -2.1389104e+01   7.1400125e+00   3.0776754e+01  -1.3732028e+00  -2.4610962e+01  -2.5982639e+01   3.3214799e+01   1.8461500e+01   3.3206381e+01   2.3477040e+01   2.7144086e+01   3.0269266e+01   2.9642867e+01   2.4663395e+01   1.7005912e+01   3.3352714e+01  -1.4793440e+01   6.3265302e+00   2.2900114e+01  -7.1470288e+00   2.6406245e+01   4.6091615e+00   3.2413917e+01   2.4462513e+01   8.1113109e+00  -6.3157149e+00  -2.5062254e+00   2.2680833e+01   2.5222202e+01  -1.2723855e+01  -9.1571867e+00  -1.3269856e+01  -1.3764535e+01   1.4698445e+01  -2.1054064e+01  -1.9565816e+01  -1.4004241e+01   8.7363397e+00  -1.0861781e+01  -2.0401026e+00  -1.6234206e+01  -1.4068629e+01  -1.3833810e+01   2.1339959e+01   1.2599812e+01  -5.5814684e+00   2.0301598e+01   1.7898496e+01
   3.2713339e+01  -2.8144498e+00  -5.1656952e+00   0.0000000e+00   1.8532983e+01   6.4596923e+00   1.4030615e+00  -6.3520951e+00   1.4699468e+01   2.9193029e+00  -7.3600896e+00   2.0798701e+01   2.3108332e+01   1.1222423e+01   1.2018075e+00   1.9909076e+01  -9.7132267e+00   3.2891633e+01  -2.0675097e+01   7.8031469e+00   5.5937709e+00  -4.2410643e+00  -6.6908376e+00   4.6394915e+00   2.8185336e+01  -1.9388426e+01  -3.9246464e+00  -9.5111522e+00   1.0495320e+01  -3.3182903e+00   2.9553041e+01  -6.5967411e+00  -1.6796918e+01  -1.6357012e+01   8.8925627e+00   6.9298006e+00   5.3552771e+00   7.6418510e+00  -1.1808952e-01   6.8446565e+00   1.1801214e+01  -1.1040017e+01  -1.8970733e+01   1.5656086e+01  -7.9838443e+00   5.1044659e+00  -9.7911354e+00  -1.8091073e+01   2.1724343e+00  -2.1290159e+00  -5.7081852e+00  -5.6484908e+00  -5.5808834e+00  -7.7593685e-01   1.5290145e+00  -9.0011989e+00   4.1656105e+00  -2.2388570e+01  -4.6623156e+00  -1.0930811e+01  -5.8129117e+00  -1.0788175e+01   1.4473260e+01   2.3977388e+00   8.1830230e+00  -1.1987011e+01   9.5728485e+00  -5.8413209e+00   2.8784007e+00   8.9037351e+00   4.6447921e+00  -7.5934178e+00  -9.5355478e+00  -2.9599441e+00  -1.0569290e+00   5.3005371e+00  -1.8908508e+00   1.1784227e+01   3.3645678e-01   2.0018507e+00   9.0844937e+00   1.3930790e+01  -2.3031089e+00   5.7781334e+00  -3.6745585e+00  -2.1001458e+00  -1.5877122e+00   8.1452569e+00   1.9308537e+00  -2.9536512e+00   5.1425512e+00  -6.1981267e+00  -9.1318239e+00   6.2648451e-01   6.6088565e+00   4.2690112e+00   3.6553134e+00   3.7016537e+00  -3.7588833e+00  -5.6060973e+00
  -6.9147383e+00   3.3096645e+01  -2.3226587e+01   1.8532983e+01   0.0000000e+00   3.4700280e+01   3.4653055e+01  -6.1779781e+00   3.3805920e+01   3.0270495e+01   1.9137424e+01   2.1585904e+01   3.7421911e+01   3.0504632e+01  -1.9193393e+01   3.6312759e+01   1.4523657e+01   2.1999982e+01   8.1819478e+00   2.2120854e-01  -2.2849557e+01   7.1731366e+00   8.9329230e+00  -2.1384837e+01   2.2112554e+01  -2.6998993e+01   6.4618084e+00  -2.5966896e+01   3.2313660e+01  -9.3348728e-01   2.0902131e+01  -4.7123623e+00   2.0198320e+01   1.7169391e+01  -1.7108900e+01  -2.5153215e+01  -2.3469561e+01   2.8517512e+01   9.3450694e+00   2.4216400e+01  -1.9957351e+01   3.7270170e+00   1.3578757e+01   2.2433213e+01   1.0393862e+01  -1.6600644e-01  -2.0902850e+01   7.7406313e+00  -2.1678436e+01   2.1105179e+01   1.1620197e+01  -1.5989179e+01  -6.6313899e+00  -5.4252604e+00  -4.3487369e+00   1.1565557e+01   1.6733181e+01  -3.7073604e+00  -2.5564422e+01  -2.7265450e+00  -1.8573429e+01  -1.1115813e+01  -1.2058604e+01  -2.3364307e+01  -2.0596075e+01  -1.6995011e+01  -2.8334300e+00  -2.5115160e+01  -7.1674281e+00  -4.7260331e+00  -1.7093501e+01  -1.1753037e+01  -4.2555410e+00  -1.3468062e+01  -2.1155830e+01  -2.1898804e+01  -1.3369823e+01   3.7300345e+00  -1.4785241e+01  -6.8401940e+00  -1.6523379e+01   1.1178554e+01  -2.3662236e+01   1.0890293e+01  -1.6242847e+01  -5.4381460e+00  -7.9286210e+00   5.5180424e+00  -3.6781755e+00  -1.6550712e+01   5.3562385e+00   2.8277161e+00   5.0882212e-01  -1.1600666e+01  -8.1245810e+00  -2.7765541e+01   5.3892434e+00   7.5332137e-02  -1.9820133e+01   3.2478502e+00
  -1.8934769e+01   3.2253030e+01  -1.6473137e+01   6.4596923e+00   3.4700280e+01   0.0000000e+00   3.4385496e+01   5.5745338e-01   3.1505515e+01   2.9215864e+01   1.2625104e+01   2.2663327e+01   2.5630341e+01   2.9860935e+01  -1.9495373e+01   2.5082731e+01   1.7039614e+01   1.2832508e+01  -2.0463140e+00   5.2110255e+00  -1.3222499e+01   8.3863479e-01   6.6356320e+00  -1.5633015e+00   1.3931808e+01  -2.6069393e+01   1.4594110e+01  -2.2481095e+01   2.5017339e+01   1.1800438e+01   1.3738402e+01   4.4764270e+00   2.8107168e+00   1.7762406e+01  -5.4638125e+00  -2.0038577e+01  -2.3086006e+01   2.6232644e+01   1.6110758e+01   1.3082099e+01  -1.3927769e+01  -2.7671160e+00   5.1827282e+00   1.2479625e+01   1.0538504e+01   9.1637472e+00  -1.6667807e+01   5.7670230e+00  -1.7247642e+01   1.7333846e+01  -4.4760496e+00  -1.8910334e+00  -1.2659912e+01  -1.5359889e+00  -7.7060273e-01  -8.2419148e+00   1.4414969e+01   8.9595347e-01  -2.1500416e+01  -3.3884126e+00  -1.5075020e+01  -5.4458502e+00  -1.4163962e+01  -2.1073655e+01  -2.3480162e+01  -2.1446321e+01  -4.7600461e+00  -1.9727875e+01  -1.4776252e-01  -6.3131359e+00  -1.2635160e+01  -1.2068795e+01  -4.8213108e+00  -8.1344818e+00  -1.1768538e+01  -2.0679358e+01  -1.2760995e+01  -8.5119356e+00  -1.7802291e+01   6.8972916e-01  -1.7069221e+01   3.1077651e+00  -2.0703874e+01   3.4790055e+00  -1.3407134e+01  -1.4093057e+01  -7.1509474e+00   6.7103038e+00  -5.6471212e+00  -1.4310998e+01   1.8036684e+01   2.9832810e+00   4.5280159e+00   2.9329777e+00  -1.3732019e+01  -2.2388613e+01   2.1775090e+00   3.3597429e-01  -1.6924791e+01   9.6187116e-01
  -1.5405375e+01   3.7225305e+01  -3.0677744e+01   1.4030615e+00   3.4653055e+01   3.4385496e+01   0.0000000e+00   1.7535744e+01   3.5332981e+01   3.5583448e+01  -7.3861676e+00   2.0034844e+01   3.2661195e+01   3.5191945e+01  -2.5009985e+01   3.2199659e+01   2.2813388e+01   8.2213208e+00  -2.0094336e+00  -1.0250182e+01  -1.2845144e+00  -7.3466346e+00  -5.8087504e+00  -2.1891212e+01   1.7845167e+01  -2.7442567e+01   2.6043348e+01  -1.8830729e+01   2.7878728e+01   1.9036293e+01   9.1885142e+00  -1.1742887e+01   1.1973681e+01   2.1142326e+01  -2.7868363e+00  -1.9798286e+01  -2.0200212e+01   2.8481541e+01   2.1379961e+01   1.3013283e+01  -1.5400162e+01   9.9601298e+00   7.1028718e+00   2.2803991e+01   2.3061441e+01   1.7288302e+01  -1.0763435e+01   1.7973994e+01  -2.7261073e+01   2.4715785e+01   5.2576280e+00  -1.8225902e+01  -9.2189276e+00  -3.3072243e+00  -2.0831686e+01  -6.4414594e+00   2.2846153e+01   9.9323472e+00  -2.8356773e+01  -2.4591385e+00  -2.6760411e+01  -2.1626631e+01  -1.9533374e+01  -2.7606842e+01  -2.8759245e+01  -2.6916545e+01  -1.8308706e+01  -2.7417702e+01  -1.2889650e+01  -1.5435500e+01  -1.8579039e+01   8.7063567e+00  -2.1974958e+01  -1.3743929e+01  -2.6505013e+01  -2.6251191e+01  -1.9698322e+01  -1.6150283e+01  -1.7566153e+01  -7.6433488e+00  -2.2646529e+01  -2.2768296e+00  -1.4549930e+01   1.1514837e+00  -1.7895566e+01  -1.5636845e+01  -9.4679382e+00  -2.8832093e-01  -1.2102800e+01  -2.2418549e+01   1.2253626e+01  -1.2398344e+01  -5.6165613e-01  -1.4194641e+01  -1.6514343e+01  -2.4397466e+01  -4.5103112e+00  -1.0134457e-01  -1.9900016e+01  -1.6172895e+00
  -8.0957888e+00   1.6689537e+01  -8.8396353e+00  -6.3520951e+00  -6.1779781e+00   5.5745338e-01   1.7535744e+01   0.0000000e+00   1.6741944e+01   2.2501805e+01  -1.8105282e+01  -3.5592096e+00   9.8749939e+00   2.2353577e+01  -1.1651903e+01   1.0424382e+01   2.0697616e+01  -8.2010776e+00  -1.2389487e+01  -2.5608106e+01   1.8875250e+01  -2.5444016e+01  -2.3054519e+01  -1.1939166e+01   6.2279205e+00  -1.2517902e+01   2.8733695e+01  -2.6007082e+00  -1.8228976e+00   2.6120095e+01  -7.5320587e+00  -1.4462762e+01  -1.9829606e+01   4.5750599e+00   1.9114343e+01   5.9758402e+00   7.2081027e+00   2.0923974e+01   2.6025882e+01  -5.1274465e+00  -4.2117547e+00   1.6650095e+01  -1.2717269e+01   1.5264672e+01   2.8284331e+01   2.4623125e+01   1.2616497e+01   1.5658929e+01  -2.1588681e+01   2.1532808e+01  -5.3532432e+00  -1.0368354e+01  -1.8905573e+00  -9.0588395e+00  -1.4400877e+01  -6.9801351e+00   9.0466740e+00   2.3725276e+01  -1.7875774e+01   7.0172142e+00  -2.6143594e+01  -2.0414545e+01  -1.7686823e+01  -1.9852167e+01  -1.7043226e+01  -2.0073325e+01  -1.5441997e+01  -9.3419528e+00  -1.8685383e+01  -2.2854624e+01  -1.3837876e+01   2.0875815e+01  -2.4728860e+01  -1.3248955e+01  -1.4896192e+01  -1.8949594e+01  -2.2406331e+01  -2.6355508e+01  -1.3013425e+01  -5.4661893e+00  -2.0324210e+01  -1.0873699e+01  -1.0081447e+01  -5.8195121e+00  -2.0641910e+01  -2.3677968e+01  -1.3321704e+01  -1.5321241e+01  -2.2669642e+01  -2.0705452e+01   1.8210142e+01  -3.0258405e+00   8.4018584e+00  -2.0698463e+01  -1.6254663e+01  -1.9066523e+01   7.7617198e-01  -3.4478425e-01  -1.4275382e+01  -8.0004125e+00
  -7.8248988e+00   3.4967858e+01  -3.0198262e+01   1.4699468e+01   3.3805920e+01   3.1505515e+01   3.5332981e+01   1.6741944e+01   0.0000000e+00   3.5093904e+01  -5.7636215e+00   2.0610868e+01   3.0405471e+01   3.3147090e+01  -2.8020437e+01   2.9836328e+01   1.7145670e+01   1.5403433e+01  -1.0217461e+01  -4.4626410e-02  -9.2561354e+00   2.1066088e+00   6.0518709e+00  -2.4077860e+01   1.9376747e+01  -2.4974694e+01   2.7442176e+01  -2.1491717e+01   2.4933942e+01   1.4485816e+01   1.9887388e+01  -1.7087485e+01   1.4032140e+01   2.1586195e+01  -1.5898571e+01  -1.6155735e+01  -2.2456674e+01   2.6059057e+01   2.1472946e+01   8.2940467e+00  -1.8403550e+01   1.2276068e+00   1.1411791e+01   2.2406376e+01   1.9918753e+01   1.6490459e+01  -1.6718641e+01   1.3550379e+01  -2.8536207e+01   2.3569798e+01   4.7372756e+00  -2.3886216e+01  -1.0499251e+01  -1.7212830e+00  -2.5458572e+01  -1.4951674e+01   2.4184027e+01   3.7411013e+00  -2.8296798e+01  -2.2912571e+00  -2.9082997e+01  -1.9423770e+01  -1.2573741e+01  -2.6913634e+01  -2.1690899e+01  -2.4935405e+01  -1.4783596e+01  -3.0171176e+01  -8.3878790e+00  -1.2239997e+01  -1.4753624e+01   5.2506885e+00  -1.6403430e+01  -1.3861807e+01  -2.6041786e+01  -2.5649824e+01  -1.7922736e+01  -1.3652112e+01  -1.7764918e+01  -1.2722605e+01  -2.2552684e+01   3.5539468e+00  -9.1715883e+00   6.3327093e+00  -1.3312328e+01  -1.5287858e+01  -3.3603875e+00   1.4754686e+00  -1.1755586e+01  -1.8825795e+01   1.3693110e+01  -1.1880679e+01   1.5818985e+00  -9.2180398e+00  -1.0274100e+01  -2.3625357e+01  -5.3070020e-01  -6.5817516e-01  -1.9854830e+01   7.5189696e-01
  -1.8101040e+01   3.4108068e+01  -3.4100659e+01   2.9193029e+00   3.0270495e+01   2.9215864e+01   3.5583448e+01   2.2501805e+01   3.5093904e+01   0.0000000e+00  -1.7143452e+01   3.1417849e+00   3.1251638e+01   3.4639813e+01  -2.7929218e+01   2.8698109e+01   2.2932298e+01  -4.6240348e+00  -8.1404358e+00  -1.2389880e+01   9.2772967e-01   3.3970940e+00  -2.3832032e+00  -2.2449404e+01   4.3055459e+00  -3.1061033e+01   3.0745819e+01  -2.5395238e+01   2.6558229e+01   2.0115372e+01  -1.9462119e+00  -2.0075639e+01   1.6360076e+01   2.0856834e+01  -9.3276435e+00  -2.1925673e+01  -1.5821556e+01   2.5939022e+01   2.4346389e+01   2.7596134e+00  -9.2241716e+00   1.8600496e+00  -4.0320466e+00   2.5737416e+01   2.5837737e+01   2.3378591e+01  -1.8656392e+01   9.4410100e+00  -3.0229471e+01   2.7844109e+01  -1.5473234e+00  -2.2035210e+01  -1.2856447e+01  -6.4220186e+00  -2.4541499e+01  -2.0241501e+01   2.8508051e+01   1.6122245e+01  -2.9776009e+01  -1.0410653e+00  -3.2192069e+01  -2.5023169e+01  -1.8745436e+01  -2.9049843e+01  -2.9867284e+01  -2.9033459e+01  -2.2481825e+01  -2.9287517e+01  -7.4089224e+00  -1.3417201e+01  -1.7288490e+01   8.6922058e+00  -2.4076485e+01  -1.1508448e+01  -2.4971148e+01  -2.6930795e+01  -2.6321126e+01  -1.4752831e+01  -1.7824691e+01  -1.5269166e+01  -2.9305539e+01   7.3965439e+00  -6.6587320e+00  -1.2102278e+01  -1.6188514e+01  -2.0896125e+01  -1.0496062e+01   9.7506649e+00  -1.3254003e+01  -2.1230730e+01   1.5364197e+01  -1.3067180e+01   3.5838098e+00  -9.5203094e+00  -8.9873644e+00  -2.3841629e+01  -1.2601871e+01  -4.6934150e+00  -2.3179439e+01  -1.1808317e+01
   4.3047956e-01  -8.9487587e-01   1.8238992e+01  -7.3600896e+00   1.9137424e+01   1.2625104e+01  -7.3861676e+00  -1.8105282e+01  -5.7636215e+00  -1.7143452e+01   0.0000000e+00   1.1150819e+01   9.9061353e-01  -1.7214640e+01  -2.1241732e+01   1.3160900e+01   7.6559866e+00   1.1964864e+01   3.0852313e+01   2.2242828e+01  -3.1531739e+01   1.6813145e+01   2.8789039e+01   1.6869205e+01   1.1107984e+01   2.1795016e+01  -1.3958064e+01  -2.1778297e+01   2.5829808e+01  -2.0107033e+01   6.6949272e+00   3.2528576e+01   1.5260738e+01   9.2844457e+00  -2.4030545e+01  -2.7310241e+01  -3.1986209e+01  -1.2241843e+01  -1.5720146e+01   3.0739799e+01  -3.0548939e+01  -1.6652973e+01   3.2423841e+01   9.4661629e+00  -7.0266143e+00  -2.3825765e+01  -1.7243959e+01  -5.7528025e+00   1.1696191e+01   8.3175885e+00  -5.1616577e+00   2.0454844e+01   2.0739349e+01   1.4873102e+01   2.6458580e+01   3.0579135e+01   4.8091474e+00   1.5774941e+01   3.2843646e+00   1.1525405e+01   2.2027825e+01   2.1007712e+01  -1.1333048e+01   9.3030047e+00  -1.0555041e+01   1.5674740e+01   1.3866239e+01  -4.3410471e+00   1.5337471e+01   1.0859034e+01  -1.8651819e+01  -2.1717704e+01   2.5982581e+01  -9.6865382e+00   9.9016709e+00  -3.2220817e+00   2.6670612e+00   1.6876629e+01  -2.8419723e+00  -4.8234389e+00   3.5470890e+00   6.2594911e+00  -1.6881437e+01   7.9019087e+00   1.4970124e+00   3.8175810e+00   3.9892624e+00   3.8621282e+00   1.0718841e+01  -1.4821448e+01  -9.3784393e+00   2.1091952e+01   1.1536392e+00  -8.3992130e+00  -9.1279598e+00  -1.7342448e+01  -1.0102952e+01  -1.3631046e+01  -3.0645765e+00   1.5650425e+01
   1.7567959e+01   2.4952548e+01   4.2282209e+00   2.0798701e+01   2.1585904e+01   2.2663327e+01   2.0034844e+01  -3.5592096e+00   2.0610868e+01   3.1417849e+00   1.1150819e+01   0.0000000e+00   1.4759070e+01   2.1444893e+01   3.6795205e+00   6.4821820e+00  -1.8725204e+01   2.3374610e+01  -8.4551945e+00   1.2261352e+01  -1.7647347e+01  -2.0206466e+01  -9.3282165e+00   7.1614721e+00   2.3713409e+01   1.2437337e+00  -5.5553509e+00   1.1959532e+01   2.5378216e+00  -8.2608874e+00   2.1999906e+01   1.4173463e+01   3.8857270e+00  -1.0939517e+01   3.0006132e+00   1.6810358e+01  -5.5119841e+00  -1.2419543e+01  -8.9768530e+00   4.0310627e-01  -1.4309478e+01  -9.2922363e+00   8.9038164e+00  -1.0795596e+01  -9.9229998e+00  -8.5372356e+00   1.2428475e+01   2.1703889e+01   6.9843877e+00  -1.3961966e+01   8.9329379e+00   5.6008779e+00   1.1036943e+01   1.4273304e+01   6.4780405e+00   2.0762808e+01  -1.2861625e+01  -2.1939168e+01  -1.0176792e+01  -1.4459989e+01  -2.8168805e+00   1.4893968e+00  -1.9954226e+00  -1.6968636e+00   4.2500280e+00  -6.1838758e+00   4.6515583e+00  -8.5864037e+00  -1.8435206e+01   2.5988555e+00  -6.6604509e+00  -3.8882875e+00  -6.6678605e+00  -1.4034086e+01  -1.7647382e+01  -3.5171060e+00   6.1074015e+00   2.8400998e+00  -7.9136629e+00   6.1020120e+00   1.1765673e+01   1.8124705e+00  -6.5321273e+00   1.8902867e+01  -7.0381297e+00   1.4866478e+01   1.9310323e+00  -1.5796842e+01  -5.6796431e+00  -1.2827787e+01  -1.4221098e+01  -1.4041485e+01  -7.9330211e+00  -1.3173248e+01  -1.7887306e+01  -7.6663148e-01   6.0231411e+00  -1.6849392e+00   8.8525601e+00  -6.1998542e+00
   8.4990233e+00   2.9964208e+01  -1.9436380e+01   2.3108332e+01   3.7421911e+01   2.5630341e+01   3.2661195e+01   9.8749939e+00   3.0405471e+01   3.1251638e+01   9.9061353e-01   1.4759070e+01   0.0000000e+00   2.9590354e+01  -2.1142394e+01   3.8431623e+01   1.5523046e+01   2.0584237e+01  -1.1130744e+01  -5.4108378e+00  -2.7579487e+00  -8.9900840e+00  -1.6180147e+01  -2.9760771e+01   2.3194885e+01  -2.2767903e+01   1.2950298e+01  -1.0854990e+01   2.9107005e+01   1.2048171e+01   1.8359922e+01  -1.0311656e+01   1.6612981e+01   1.2594748e+01  -1.3357918e+01  -1.7016280e+01  -5.7501347e+00   2.3982484e+01   1.7016337e+01   2.1419737e+01  -1.2089564e+01   1.9329107e+01   4.1458460e+00   2.8388074e+01   1.9917622e+01   1.3278339e+01  -7.7439165e+00   1.8850366e+01  -2.4876567e+01   2.1480738e+01   1.1083378e+01  -2.0442384e+01  -1.6893396e+01  -1.1948333e+01  -1.6750681e+01  -8.1588891e+00   1.9949587e+01  -2.9514570e+00  -2.3058889e+01  -2.8147411e+00  -2.4889979e+01  -2.4830883e+01  -4.5813193e+00  -2.4489487e+01  -2.3146012e+01  -2.3667862e+01  -1.6686740e+01  -2.1628886e+01  -1.5641896e+01  -1.3685688e+01  -1.3467050e+01   1.6217630e+01  -1.7856248e+01  -1.3876910e+01  -1.5030201e+01  -2.5535818e+01  -2.1800258e+01  -1.3700260e+01  -1.7045709e+01  -5.1754927e+00  -2.0975646e+01   5.8442086e+00  -1.7043239e+01  -7.9076896e+00  -1.7643538e+01  -8.3888992e+00  -1.2837533e+01   3.3517347e+00  -1.2948612e+01  -2.2555262e+01   6.3929317e+00  -8.4042205e+00   5.5811526e-01  -1.9840720e+01  -1.7704499e+01  -2.4117035e+01  -8.8760280e+00  -7.7016562e+00  -1.1666574e+01  -4.9297735e-01
  -8.8611343e+00   3.3790582e+01  -2.8772793e+01   1.1222423e+01   3.0504632e+01   2.9860935e+01   3.5191945e+01   2.2353577e+01   3.3147090e+01   3.4639813e+01  -1.7214640e+01   2.1444893e+01   2.9590354e+01   0.0000000e+00  -2.7034898e+01   2.6411347e+01   1.7818910e+01   1.7823712e+01  -1.1937293e+01  -1.2998631e+01   1.7719523e+00  -1.0468182e+01  -7.5616551e+00  -2.5562294e+01   1.8039363e+01  -2.6958657e+01   2.6873502e+01  -1.5936774e+01   2.1768023e+01   2.4161793e+01   1.4343479e+01  -1.5014830e+01   3.2276460e+00   1.8445297e+01  -9.6108498e+00  -1.0544536e+01  -1.5195565e+01   2.5690210e+01   2.2877000e+01   6.6833813e+00  -1.2801786e+01   4.9440786e+00   7.9377116e-01   2.2740374e+01   2.3062839e+01   2.2325447e+01  -2.0227929e+00   1.5736107e+01  -2.7947296e+01   1.9644149e+01  -7.5090124e-01  -2.0588883e+01  -1.6661627e+01  -1.3122684e+01  -2.4639790e+01  -1.8160692e+01   2.3246633e+01   9.0908821e+00  -2.6992450e+01  -3.2741664e+00  -2.9755755e+01  -2.3856878e+01  -1.2263212e+01  -2.5518548e+01  -2.1752373e+01  -2.7798053e+01  -2.0562817e+01  -2.5700998e+01  -9.8905031e+00  -1.0856044e+01  -1.7318200e+01   1.3463041e+01  -2.3509209e+01  -1.1015830e+01  -2.1286543e+01  -2.4200853e+01  -2.1922056e+01  -1.6874837e+01  -2.0112998e+01  -1.1811522e+01  -2.4021265e+01   5.4510094e+00  -4.8087272e+00  -4.0401251e+00  -1.3806977e+01  -1.7100851e+01  -8.9127312e+00   5.6552490e-01  -1.0407142e+01  -2.1112844e+01   1.0765853e+01  -1.3215376e+01   9.1723719e-02  -1.0355910e+01  -6.2095823e+00  -2.1783561e+01  -4.5697380e+00  -6.9917665e-01  -1.4576477e+01  -4.6030248e+00
   4.8166377e+00  -2.9095009e+01   2.7404835e+01   1.2018075e+00  -1.9193393e+01  -1.9495373e+01  -2.5009985e+01  -1.1651903e+01  -2.8020437e+01  -2.7929218e+01  -2.1241732e+01   3.6795205e+00  -2.1142394e+01  -2.7034898e+01   0.0000000e+00  -2.2080910e+01  -2.3447925e+01  -1.0172318e+01  -2.2188296e+01  -2.3838599e-01   2.9954274e+01  -2.2854491e+01  -2.9264787e+01   2.5779701e+01  -1.2001352e+01   1.0234716e+01  -3.0925050e+01   2.9019771e+01  -2.6462767e+01  -1.6851216e+01  -9.8242379e+00   1.7190587e+01  -1.8311199e+01  -2.8326878e+01   2.8813451e+01   3.4024216e+01   3.3009079e+01  -4.4506379e+00  -1.4148675e+01  -6.7721861e+00   3.1544072e+01   2.2464622e+01  -1.5672751e+01  -2.2713407e+01  -2.4867326e+01  -1.4709717e+01   3.1894986e+01   1.5275851e+01   2.9805380e+01  -3.0427052e+01   1.9645280e+01   2.6050184e+01   6.7894967e+00  -1.2468354e+01   1.7880416e+01   7.9540154e+00  -2.6331533e+01  -2.5176448e+01   2.8883621e+01  -2.3234151e+00   2.2791600e+01   1.3421770e+01   4.8865700e+00   2.6992930e+01   2.7207231e+01   2.2239797e+01   1.7171952e+01   3.0889482e+01  -1.2509668e+01  -1.6236573e+01   1.9964973e+01   8.2175116e+00  -4.4752195e+00  -9.4079689e-01   1.9620819e+01   2.3250444e+01   1.7360265e+01  -6.9229077e+00  -1.2152901e+00   2.0691639e+01   1.9559718e+01  -1.9625162e+01  -4.1409257e+00  -2.1030923e+01  -7.3727103e+00   1.0426567e+01  -2.6870640e+01  -2.2591787e+01  -8.0716971e+00   1.2783486e+01  -1.3689027e+01  -9.9323637e+00  -1.6996445e+01   2.0341510e-01  -8.6590990e+00   1.5760898e+01   6.3532732e+00   1.2813347e+01   1.2520639e+01  -4.6813998e+00
   4.4695231e+00   2.8601005e+01  -2.6736822e+01   1.9909076e+01   3.6312759e+01   2.5082731e+01   3.2199659e+01   1.0424382e+01   2.9836328e+01   2.8698109e+01   1.3160900e+01   6.4821820e+00   3.8431623e+01   2.6411347e+01  -2.2080910e+01   0.0000000e+00   2.1768987e+01   1.8967092e+01   1.0728008e+01  -1.7392171e+01   1.0118987e+00  -2.1463777e+00  -9.9721170e+00  -2.8354754e+01   2.3188852e+01  -2.3033250e+01   1.4044590e+01  -2.0803069e+01   3.1662639e+01   1.0493166e+01   1.7374257e+01  -7.2667279e+00   2.1175638e+01   1.6387001e+01  -8.7769804e+00  -2.3423902e+01  -1.2160004e+01   2.9907512e+01   1.7678943e+01   2.3778867e+01  -1.7163828e+01   1.9672845e+01   6.9932645e+00   3.0339963e+01   2.3481413e+01   1.4644185e+01  -1.4946563e+01   1.3251301e+01  -2.5157022e+01   2.4358833e+01   1.6128317e+01  -1.1685507e+01   2.9738544e+00  -1.1261901e+01  -1.4555147e+01   1.0537749e+01   2.5840164e+01   8.2039874e+00  -2.6069067e+01   1.4718567e+01  -2.4094597e+01  -2.5004944e+01  -1.0967765e+01  -2.5292233e+01  -2.6543084e+01  -1.8712135e+01  -1.8080653e+01  -2.5783647e+01  -1.1997145e+01  -1.3277033e+01  -1.9024558e+01   1.4080926e+01  -1.7434014e+01  -1.4591537e+01  -2.1481766e+01  -2.6312190e+01  -2.1310404e+01  -3.9022342e+00  -1.7529117e+01  -9.6773140e+00  -2.5346568e+01   3.9658664e-01  -1.7439987e+01  -1.1771470e+01  -1.7803665e+01  -1.5343981e+01  -1.4090839e+01   2.2322247e+00  -1.0982651e+01  -2.1087902e+01   1.5988160e+00  -4.7965224e+00  -5.5793172e-01  -1.9498259e+01  -1.3523850e+01  -2.6511726e+01  -6.9073831e+00  -3.1109882e+00  -2.0232418e+01  -4.2885391e+00
  -2.0247296e+01   1.9022604e+01  -3.1873316e+01  -9.7132267e+00   1.4523657e+01   1.7039614e+01   2.2813388e+01   2.0697616e+01   1.7145670e+01   2.2932298e+01   7.6559866e+00  -1.8725204e+01   1.5523046e+01   1.7818910e+01  -2.3447925e+01   2.1768987e+01   0.0000000e+00  -8.0079100e+00   2.8304271e+01  -2.5877792e+01   3.4473634e+00   1.7185450e+01   7.1226760e+00  -2.2973517e+01   3.1276804e+00  -2.7719506e+01   3.0625201e+01  -2.6227371e+01   3.0679489e+01   2.6256638e+01  -4.0949232e+00  -2.2689900e+01  -3.0137523e+00   3.0071056e+01  -8.1747392e+00  -2.4849354e+01  -1.4164772e+01   2.4392456e+01   2.6369404e+01   1.6842416e+01  -1.1086493e+01   6.7601442e+00  -9.3776475e+00   3.6347027e+01   2.5854136e+01   1.4878795e+01  -2.1304040e+01  -1.3556602e+01  -3.1639698e+01   2.9850018e+01  -1.9959754e+01  -1.6197107e+01   6.3300131e+00  -6.0177517e+00  -2.3515675e+01  -6.1728399e+00   2.4351451e+01   3.5510593e+01  -2.7595977e+01  -2.7376854e+00  -2.8926647e+01  -2.0850332e+01  -2.3233218e+01  -2.8604124e+01  -2.7893234e+01  -2.2363252e+01  -1.4461285e+01  -2.6188060e+01  -7.0388053e-01  -1.0034872e+01  -2.2011103e+01   3.3607617e+00  -2.4051985e+01  -8.8738153e+00  -2.1004955e+01  -2.4412833e+01  -2.1132159e+01  -6.5386708e+00  -3.5803999e+00  -2.0773643e+01  -2.7537211e+01  -3.3157157e+00   2.4036237e+00  -1.0147502e+01  -2.3436244e+00  -2.6591445e+01  -1.9968550e+00   1.4986906e+01  -6.7104410e+00  -1.4597107e+01   2.5790888e+01   1.7206132e+01   1.7076545e+01  -9.3400952e+00   1.2269576e+01  -2.5405435e+01  -1.3771824e+01  -3.7322903e+00  -2.3294405e+01  -1.3740805e+01
   2.9386458e+01   4.7681878e+00  -2.7456369e+00   3.2891633e+01   2.1999982e+01   1.2832508e+01   8.2213208e+00  -8.2010776e+00   1.5403433e+01  -4.6240348e+00   1.1964864e+01   2.3374610e+01   2.0584237e+01   1.7823712e+01  -1.0172318e+01   1.8967092e+01  -8.0079100e+00   0.0000000e+00  -8.2101362e+00   1.0043902e+01  -1.0525922e+01  -1.1843054e+00   3.3182712e+00  -1.7023633e+00   2.5002043e+01  -1.0257917e+01  -6.2507348e+00  -9.9794642e+00   1.1212001e+01  -6.2060625e+00   2.5548629e+01   9.4117748e+00  -9.7159192e+00  -6.3924172e+00  -6.1088481e+00  -5.2474978e+00  -1.1627899e+01   6.3414359e+00  -3.8815384e+00   1.4090991e+01  -4.7397609e+00  -8.8083273e+00  -7.8999762e-01   8.9381830e+00  -6.5513055e+00  -3.4358769e+00  -6.4453674e+00  -7.9644580e+00   5.5786122e+00   1.4288121e+00  -3.7563317e+00   2.6145183e+00   4.9111106e+00  -1.9108597e+00   7.6780181e+00   6.5677824e+00   4.0899780e+00  -1.6843216e+01  -3.6480955e+00  -9.5868480e+00   1.2887689e+00  -4.7112571e+00   1.2519888e+01   2.8743399e+00   3.4156022e+00  -6.8821485e+00   1.0341491e+01  -4.6852172e+00   6.2144703e+00   4.0108884e+00  -5.0739179e+00  -1.0096703e+01   3.5126543e+00  -4.9900100e+00   2.7957118e-01  -3.7473178e+00  -1.1955251e+00   9.9809662e+00  -3.9787836e+00   2.3430255e+00   1.6765016e+00   6.5439034e+00  -1.2262948e+01   1.1060748e+01  -1.7625808e+00   3.1911857e+00   1.9966676e+00   5.7280791e+00   1.0006960e+00  -5.9393894e+00   4.6264274e+00   4.5130061e+00  -2.3381616e+00   2.5376411e+00  -4.2678278e+00  -5.9217377e+00   1.3872377e+00  -1.3547348e+00  -1.9293278e+00   1.6003068e+00
  -1.9837808e+01   4.5721873e-02  -3.1822549e+01  -2.0675097e+01   8.1819478e+00  -2.0463140e+00  -2.0094336e+00  -1.2389487e+01  -1.0217461e+01  -8.1404358e+00   3.0852313e+01  -8.4551945e+00  -1.1130744e+01  -1.1937293e+01  -2.2188296e+01   1.0728008e+01   2.8304271e+01  -8.2101362e+00   0.0000000e+00  -1.2029386e+01  -2.5046183e+01   2.4927960e+01   2.8501123e+01   2.2693593e+01  -4.9930586e+00  -5.6262750e+00   8.7274643e-01  -2.8741621e+01   3.1194785e+01  -1.1024769e+01  -9.9306892e+00   1.7113680e+01   2.4373345e+01   2.6619716e+01  -2.2068909e+01  -3.2666630e+01  -2.9728674e+01  -8.5388635e-01  -1.4523261e+01   3.2967730e+01  -2.3796811e+01  -9.6187628e+00   3.0048964e+01   2.2686781e+01  -4.9455395e+00  -1.7302337e+01  -7.8552522e+00  -1.5721134e+01  -8.1315339e-01   2.3798339e+01  -8.2063713e+00   2.0144149e+01   3.2372903e+01  -3.0288213e+00   1.5034347e+00   2.9566673e+01   1.8956223e+01   2.8044909e+01  -2.0705964e+01  -1.2093948e+01   5.0541080e+00   8.4634006e+00  -2.5725409e+01  -1.0323839e+01  -2.5385044e+01   6.1315330e+00   8.1977038e+00  -2.2673585e+01   1.9749417e+01  -6.8978941e+00  -2.2434463e+01  -1.9750608e+01  -2.8326193e+00  -8.3521937e+00  -2.7770606e+01  -5.6812409e+00   4.5377161e+00   1.9160242e+01   4.9167097e+00  -1.9101051e+01  -1.5203285e+01  -7.9425760e+00  -1.0156784e+01  -1.5690292e+00   1.5720708e+01  -8.3526335e+00  -5.7442769e+00   8.1036965e+00   1.4041750e+01  -1.4342063e+00   9.8994496e-01   2.2100414e+01   1.5025174e+01   1.2160928e+01   5.2008786e+00  -2.5989454e+01  -1.5032376e+01   4.3610774e+00  -1.9324538e+01  -1.3018503e+01
   1.7528145e+01   2.0709762e+00   2.0396566e+01   7.8031469e+00   2.2120854e-01   5.2110255e+00  -1.0250182e+01  -2.5608106e+01  -4.4626410e-02  -1.2389880e+01   2.2242828e+01   1.2261352e+01  -5.4108378e+00  -1.2998631e+01  -2.3838599e-01  -1.7392171e+01  -2.5877792e+01   1.0043902e+01  -1.2029386e+01   0.0000000e+00  -2.4396321e+01   1.3456137e+01   2.6206064e+01   2.0571191e+01   4.6659649e+00   1.9020790e+01  -4.4206003e+00   1.2653700e+01  -1.3393615e+01  -2.7124808e+01   7.4520233e+00   2.5293686e+01  -2.4805001e+00  -4.0749189e+00  -2.5903846e+01   1.8833911e+01  -2.1114418e+01  -2.5194272e+01  -2.6196294e+01  -5.8000449e+00  -2.4008302e+01  -2.3730764e+01   2.0106219e+01  -2.3674994e+01  -2.1725530e+01  -2.9025820e+01   4.6391827e-01   1.4240579e+01   1.0416518e+01  -8.1858227e+00   1.8632255e+01  -1.1350007e+01  -1.5168266e+01   2.7159009e+01   1.1429337e+01  -1.1706934e+00  -1.2920498e+00  -2.8997371e+01   2.8460426e+00  -5.7295962e+00   1.3083869e+01   2.4407210e+01   1.3533427e+01   1.3417935e+01   1.5602093e+01   1.5445164e+01   1.6234906e+01  -6.0411436e+00  -5.9467046e+00   1.6224793e+01   1.4748970e+01  -2.6182394e+01   2.8383961e+01  -5.7631525e+00   9.2113657e+00   1.7731387e+01   1.3031646e+01   5.9301016e+00   7.8895871e-02   1.2267262e+01   1.5541894e+01   9.6006664e+00   8.1652467e-01   2.4850799e+01   7.6458080e+00   1.8964848e+01   2.1363419e+01  -8.9531369e+00   3.5719280e+00   6.7610723e+00  -1.1570502e+01   2.1172357e+00  -6.6551758e+00   8.5379437e+00  -7.0925883e+00   8.8074272e+00   9.2893088e+00  -1.0129793e+01   2.0206589e+01   1.4207140e+01
  -5.4882809e+00  -1.8846209e+01   1.1930057e+01   5.5937709e+00  -2.2849557e+01  -1.3222499e+01  -1.2845144e+00   1.8875250e+01  -9.2561354e+00   9.2772967e-01  -3.1531739e+01  -1.7647347e+01  -2.7579487e+00   1.7719523e+00   2.9954274e+01   1.0118987e+00   3.4473634e+00  -1.0525922e+01  -2.5046183e+01  -2.4396321e+01   0.0000000e+00  -2.2887027e+01  -3.4944132e+01  -2.2130190e+00  -8.6274406e+00  -1.3123192e+01  -1.2362274e+01   2.0832738e+01  -1.9352073e+01   2.0012832e+01  -7.3785798e+00  -1.2944451e+01  -2.5927349e+01  -1.6851804e+01   3.6392795e+01   2.8929845e+01   3.6195326e+01   1.4998919e+01   2.1234384e+01  -1.7487213e+01   3.2995683e+01   2.8172708e+01  -3.3244660e+01   3.2061423e+00   1.2582154e+01   1.6690103e+01   1.9278074e+01   2.9834981e+00   5.3643997e+00  -1.2218407e+01   2.1654569e+01   3.3800897e+00  -4.1891610e+00  -4.2571622e+00  -6.3042489e+00  -1.6251486e+01   6.2255143e+00  -8.8722941e+00   1.4809623e+01   2.0823707e+01  -4.7170809e+00  -1.3208699e+01   1.4880178e+01  -3.5508879e+00   3.4242168e+00   4.7746104e+00  -1.3317470e+01   1.8901377e+01  -1.5665071e+01  -2.3347577e+01   1.7672714e+01   2.5907396e+01  -2.4916259e+01  -2.3208542e-01   1.7416644e+01  -9.8298997e-01  -1.3576019e+01  -1.4891475e+01  -1.5276185e+01   1.6388034e+01  -1.3502966e+01  -2.3380330e+01  -5.4746024e+00  -2.9596497e+01  -1.9935734e+01  -2.2690712e+01  -2.6567411e+01  -1.1219217e+01  -1.2314179e+01  -1.2125437e+00   5.8563087e+00  -1.5620471e+01  -1.5573633e+01  -2.1472764e+00  -5.9164542e+00  -1.9422517e+00  -9.2863871e+00   3.9541176e+00  -4.9088350e+00  -2.0257420e+01
  -9.1387084e+00  -2.9051636e+00  -1.5578831e+01  -4.2410643e+00   7.1731366e+00   8.3863479e-01  -7.3466346e+00  -2.5444016e+01   2.1066088e+00   3.3970940e+00   1.6813145e+01  -2.0206466e+01  -8.9900840e+00  -1.0468182e+01  -2.2854491e+01  -2.1463777e+00   1.7185450e+01  -1.1843054e+00   2.4927960e+01   1.3456137e+01  -2.2887027e+01   0.0000000e+00   3.3368701e+01   1.4032624e+00  -6.2449210e+00  -1.6575574e+01   1.9335084e+01  -3.3800212e+01   1.2911565e+01  -2.6686718e+01  -5.4470021e-01  -1.9732444e+01   2.2428051e+01   1.7813620e+01  -1.9924079e+01  -3.3637205e+01  -1.7594820e+01  -9.4649446e+00  -2.4934305e+01  -7.2525008e+00  -1.2527978e+01  -1.7167323e+01   1.2128685e+01   4.5048192e+00  -3.9014264e+00  -2.3557155e+01  -2.9307798e+01  -3.2231258e+01  -1.4636063e+01   2.6777988e+01  -1.5396313e+00  -1.2394257e+01   1.8923853e+01   2.6841690e+01  -2.2890069e+00  -8.8393861e-01   2.5038599e+01   1.3876487e+01  -1.1921017e+01   1.3869661e+01   7.7803221e+00   4.0277998e+00   1.2457965e+01  -8.0441118e+00  -1.3555224e+01   6.2410912e+00   1.6995219e+01  -2.1454537e+01   1.8305713e+01   2.0714981e+01   2.0489098e+00  -2.9994790e+01   1.8855858e+01   7.5394213e+00   1.5667099e-02  -4.4635658e+00   4.1066051e+00   2.0760587e+01   2.2932362e+01  -1.5952321e+01  -4.1134694e+00   1.6385821e+01   9.2860250e-01   1.0122479e+01   1.8906010e+01  -8.0027950e+00   1.9050070e+01   2.3261068e+01   1.2694299e+01   1.3517510e+01   1.1735935e+01   2.5092228e+01   1.5753820e+01   1.7082811e+01   2.0288950e+01  -1.3629519e+01  -5.1338786e+00  -6.9505341e+00  -5.4494296e+00   2.9038133e+00
  -1.0701626e+00   9.9554136e+00  -1.8525873e+01  -6.6908376e+00   8.9329230e+00   6.6356320e+00  -5.8087504e+00  -2.3054519e+01   6.0518709e+00  -2.3832032e+00   2.8789039e+01  -9.3282165e+00  -1.6180147e+01  -7.5616551e+00  -2.9264787e+01  -9.9721170e+00   7.1226760e+00   3.3182712e+00   2.8501123e+01   2.6206064e+01  -3.4944132e+01   3.3368701e+01   0.0000000e+00   1.6501774e+01  -2.2168706e+00  -3.1175836e+00   2.0669711e+01  -2.8716877e+01   1.5807861e+01  -2.5992463e+01   4.1335658e+00  -2.4820422e-01   2.1096216e+01   1.8033865e+01  -2.7497474e+01  -3.2494259e+01  -3.3303887e+01  -1.7023093e+01  -2.7139275e+01   6.3555245e+00  -2.7121572e+01  -3.0069953e+01   2.9337735e+01  -9.3600144e+00  -1.0316831e+01  -2.5868922e+01  -2.5965915e+01  -2.5422530e+01  -1.2807732e+01   2.9807610e+01  -5.8025183e+00  -1.1989166e+01   1.6476513e+01   3.0364512e+01  -2.1050368e+00   1.5381371e+01   1.7536044e+01   1.7306002e+01  -1.4651922e+01  -1.1809467e+00   5.1323185e+00   1.8402875e+01  -1.0494593e+01  -6.5252274e+00  -9.1567237e+00  -7.9374395e+00   1.8374388e+01  -2.2210546e+01   2.4301636e+01   2.5898202e+01   4.9593633e+00  -3.3440245e+01   2.6523598e+01   3.2643761e+00  -1.3924619e+01   4.7287035e+00   2.2932577e+01   1.8040379e+01   2.2870743e+01  -6.9337038e+00   1.3057540e+01   2.3259949e+01   1.1821752e+01   2.4255935e+01   2.3064633e+01   4.0682955e+00   2.9974381e+01   1.8481401e+01   2.1303841e+01   1.5798791e+01   1.5231433e+00   2.1364612e+01   1.8440521e+01   1.8854208e+01   1.8662331e+01  -9.5524407e+00  -5.0292030e+00  -1.2015316e+01  -2.2373030e+00   2.7570510e+00
  -2.5318914e+00  -2.5000096e+01   1.7318671e+01   4.6394915e+00  -2.1384837e+01  -1.5633015e+00  -2.1891212e+01  -1.1939166e+01  -2.4077860e+01  -2.2449404e+01   1.6869205e+01   7.1614721e+00  -2.9760771e+01  -2.5562294e+01   2.5779701e+01  -2.8354754e+01  -2.2973517e+01  -1.7023633e+00   2.2693593e+01   2.0571191e+01  -2.2130190e+00   1.4032624e+00   1.6501774e+01   0.0000000e+00  -8.8499653e+00  -3.8713158e+00  -1.7635271e+01   2.3208179e+00  -1.1365548e+01  -1.3764166e+01  -3.2616734e+00   3.1277259e+01  -2.1048968e+01  -2.3835234e+01   2.0998343e+01  -7.6104864e+00  -1.0943451e+01  -1.8515655e+01  -1.4765357e+01   7.0484140e+00   1.1146584e+01  -2.1023104e+01   1.3937792e+01  -1.9764902e+01  -2.1778796e+01  -1.6180812e+01   1.5856186e+01  -1.8445253e+01   2.8970777e+01  -1.4506197e+01   1.2138403e+01   3.2184517e+01   2.5098729e+01   2.5120697e+01   3.0856896e+01   2.2158095e+01  -1.7952816e+01  -1.9788163e+01   1.4395161e+01  -1.0167390e+01   2.7306491e+01   2.8519185e+01  -1.8212651e+01   2.1468109e+01   7.3586846e+00   2.2972077e+01   2.3154035e+01   2.0221972e+01   1.8567070e+01   2.1150261e+00   1.5834997e+01  -2.5801263e+01   1.0984919e+01  -1.6256653e-01  -2.3089374e+00   2.6639130e+01   2.5736733e+01   8.7513396e+00   5.8033118e+00   1.8310251e+01   2.0548757e+01  -1.4022718e+01  -1.4109953e+01  -2.6626526e+00   1.6234818e-01  -3.0855550e+00  -1.0530359e+01  -1.0884571e+01   5.0371321e+00   1.0411183e+01   2.7881303e+00   6.2603611e+00  -7.6817836e+00   2.0917694e+01  -1.0298152e+01   3.2044962e+00   1.5532173e-01   1.2296302e+01   7.5405733e+00  -2.1890684e+00
